-37.91608704,-116.01088029,-8.364758625
-129.41882265,-386.72330898,99.972876825
-272.23268785,-771.77045938,410.934587325
-428.83851805,-1192.69217794,804.810142275
-635.76708845,-1759.15186534,1388.51474277
-893.38769635,-2431.30722274,2091.30236328
-1284.41994994,-3358.39706763,2930.55925538
-1651.30278175,-4199.80596099,3610.20586384
-2183.25300649,-5365.47130513,4374.23495132
-2729.57297189,-6574.29895653,5025.20089202
-3257.41183829,-7847.42424393,5626.29314472
-3835.50128059,-9331.23968561,6334.45605249
-5081.72608025,-14396.0774042,8379.41640998
-5251.61720732,-15029.6151704,8655.20012005
-5534.22388979,-16192.0305183,9183.64921079
-5615.71960596,-16523.0068088,9333.73834307
-5815.93172686,-17376.4343071,9727.43505001
-6136.9540206,-18800.4368644,10370.1598129
-6546.03692886,-20642.707599,11190.594832
-6967.63190427,-22533.1624936,12035.2468847
-7436.16393792,-24668.702712,12959.3623691
-7903.90982071,-26849.5292361,13825.6582964
-8291.02442008,-28655.0623317,14511.5041544
-8766.81414126,-30892.9722577,15304.4898745
-9251.76835669,-33163.005389,16052.4275064
-9657.88884574,-35045.9825999,16633.2503487
-10168.0945225,-37398.8183104,17304.5994619
-10534.4665216,-39132.4174507,17788.9041013
-11199.2391257,-42794.8510732,18735.128004
-11409.327356,-43939.6380887,19033.731778
-11814.043263,-46310.0841033,19636.1072635
-12206.6213271,-48741.6095539,20252.1744602
-12553.5574807,-50972.66096,20818.4625515
-13017.262955,-54300.5543147,21663.6881507
-13264.6867262,-56101.4934723,22127.4113794
-13637.5758409,-58985.0629481,22893.0620451
-14023.6371712,-62181.0216724,23824.156212
-14275.01528,-64327.7027262,24483.3699418
-14685.1869192,-68161.7091628,25780.1144652
-14852.1359828,-69802.7665351,26329.1502731
-15058.1479565,-72266.5361325,27156.0163628
-15306.247309,-75836.8002513,28311.2243078
-15438.195932,-77756.1139569,28913.5092525
-15610.5296958,-80482.6111788,29709.7535778
-15790.2614246,-83439.0277875,30431.2255965
-15940.8629719,-85832.1525514,30947.5187782
-16132.1221855,-88699.9663791,31457.4330529
-16319.8480165,-91269.4367096,31852.6677717
-16672.2015496,-94760.3434472,32325.3109947
-16856.6775317,-96495.1279975,32566.0815864
-17122.2368229,-98695.0993353,32884.3697827
-17520.9284963,-101593.033922,33418.8159911
-17757.1854712,-103282.581551,33747.6131239
-18193.4814476,-106174.771644,34419.5181409
-18488.2433118,-108106.602545,34889.9712997
-19069.0224564,-111731.622614,35801.9025938
-19339.0377896,-113422.803616,36216.2392592
-19690.3168428,-115593.520446,36730.7832146
-20270.4177442,-119184.649728,37533.6598802
-20534.9002448,-120845.89553,37895.8567934
-20795.7679204,-122494.855665,38240.1787881
-21305.0760464,-125738.777483,38862.1887295
-21556.371519,-127357.397816,39181.6701558
-22354.4903835,-132567.031516,40287.54132
-22460.0285847,-133250.473597,40428.8387873
-22601.614702,-134160.459311,40612.074308
-22886.9286123,-135974.802293,40960.931626
-23233.1840077,-138225.475465,41389.6119445
-23648.3466053,-140912.794931,41890.1472041
-23927.5239584,-142704.410805,42218.1774499
-24283.4940468,-144941.148344,42615.1269357
-24759.0861184,-147842.603085,43161.8491663
-25053.3366482,-149626.560181,43514.5354412
-25421.7756742,-151852.633416,43995.8742986
-25867.5596753,-154519.984505,44698.2096943
-26250.7010222,-156742.251063,45333.9489398
-26608.4183312,-158742.455797,45946.0126599
-27170.2982633,-161631.051884,46911.7044721
-27481.8374014,-163175.144055,47445.5514764
-28003.8861741,-165579.384364,48306.4383126
-28390.4491786,-167323.563867,48918.4283365
-29049.3943386,-170142.215622,49861.2924393
-29404.6231016,-171655.996958,50332.9306888
-30063.1222134,-174436.910731,51095.3750409
-30466.4877751,-176140.380408,51552.9077926
-31015.7336897,-178462.568599,52132.1088793
-31457.0480082,-180344.274389,52600.0778794
-31991.588832,-182616.996583,53159.5951402
-32380.228837,-184253.532228,53611.7330394
-32944.2226937,-186461.629257,54321.2320132
-33415.9769424,-188244.803507,54921.2207059
-33997.0884236,-190365.006847,55691.2787681
-34546.8705299,-192266.838389,56452.9233292
-35109.9860703,-194009.158777,57124.833388
-35793.9787706,-195968.853147,57848.8672754
-36594.1535183,-198129.908582,58597.8366706
-37335.1028763,-200078.51046,59224.7713953
-38139.3823953,-202168.048128,59812.2590682
-38795.4305905,-203852.193515,60271.4025936
-39522.4986359,-205692.233564,60758.2228988
-40174.1944416,-207325.563023,61182.8280343
-40954.1608453,-209272.117777,61712.6598641
-41580.1589912,-210832.862683,62201.06646
-42326.2815286,-212694.475188,62855.1511053
-42994.1393664,-214358.565707,63474.7995117
-43592.5689531,-215838.498197,64049.5766244
-44331.4845299,-217614.952076,64803.5730449
-45377.0390391,-219964.537709,65921.6112073
-45724.6717311,-220748.087517,66286.7583796
-46422.0146767,-222264.476023,66990.1407273
-47115.6829959,-223735.689072,67664.3524665
-47804.8793396,-225153.906609,68268.4928902
-48470.9614076,-226476.48066,68770.9906088
-49195.6620237,-227836.630132,69209.9536033
-50530.0665656,-230040.775524,69584.4342782
-50722.8835383,-230369.873377,69654.3007008
-51044.8535533,-230901.320328,69753.9623852
-51689.3929407,-231901.913121,69903.9153461
-52206.681186,-232676.170759,70016.1491456
-52925.4740394,-233677.620562,70155.3218654
-53512.0544299,-234458.007946,70289.2021841
-54218.4608512,-235357.383011,70457.3258124
-55030.3775479,-236354.849263,70657.2026986
-55468.4019131,-236888.555483,70765.0911903
-56082.6310257,-237625.822719,70925.1566185
-56741.8672775,-238407.389835,71114.8660646
-57324.3375101,-239090.121506,71306.856113
-57944.0900242,-239812.542494,71546.6116164
-58377.7184621,-240327.141968,71725.5506623
-58885.7515105,-240954.910068,71950.2679326
-59366.3053098,-241571.304995,72163.189253
-59855.6434777,-242237.615323,72358.2865184
-60239.7637137,-242778.749192,72498.3333639
-60643.8719831,-243368.598589,72622.0394912
-61151.6432569,-244148.795979,72718.0847954
-61366.4753377,-244481.297127,72760.0905956
-61915.3247365,-245382.023132,72844.0233722
-62078.2655077,-245650.401462,72872.9502103
-62352.0489836,-246132.428746,72936.3041643
-62665.8840184,-246725.613782,73075.2733806
-62920.3317662,-247213.663793,73228.6707564
-63257.5674482,-247872.885804,73506.1716801
-63457.1450041,-248258.216803,73680.7855045
-63798.0496406,-248866.334007,74001.5081333
-64093.6640873,-249363.083392,74280.4867713
-64439.4569157,-249914.062908,74607.8570974
-65076.6201621,-250819.347838,75173.3944662
-65340.003987,-251188.785,75401.1528211
-65576.5945526,-251488.225645,75594.2518126
-66122.4043047,-252075.971689,75940.8548298
-66455.2507236,-252462.384981,76129.6412968
-67012.8177653,-253073.390352,76347.8138584
-67365.7131135,-253458.200583,76472.8850537
-67763.708697,-253891.889855,76587.84589
-68201.2164704,-254372.906858,76719.6118347
-68635.1618172,-254858.522264,76874.2466513
-69533.8192526,-255926.798029,77350.4270645
-69705.1673243,-256129.048699,77437.8279571
-69955.7386037,-256438.816151,77583.2310351
-70386.9532995,-257020.744755,77882.8091987
-70690.3029728,-257450.996163,78102.0054546
-71078.5882473,-258064.478881,78395.1641224
-71404.4909276,-258633.07033,78634.2558104
-71710.2068443,-259204.835333,78818.7927974
-72397.8314601,-260659.754091,78945.2651943
-72601.0653168,-261079.218628,79002.4473705
-72865.9079891,-261623.872844,79060.3006611
-72895.2321399,-261684.19954,79067.4030403
-73098.4276802,-262110.16567,79116.0521838
-73388.4969616,-262730.025811,79201.1467632
-73704.0446252,-263423.960807,79306.5034724
-73989.4792529,-264068.913521,79414.1963944
-74272.5353462,-264735.481072,79527.5864234
-74565.25211,-265520.321253,79674.471674
-74791.1559601,-266181.521557,79795.9875818
-75026.9827551,-266938.372422,79936.2647901
-75370.6567277,-268223.689593,80202.8747202
-75502.9992073,-268716.101553,80319.6464243
-75704.2090032,-269492.730541,80552.1421555
-75906.158409,-270295.973206,80848.324225
-76127.8816427,-271204.642978,81264.1809411
-76363.5042694,-272213.742911,81862.6064204
-76560.4167125,-273045.906661,82412.8310726
-76792.8709992,-273981.606465,83093.8204682
-77145.0773151,-275220.161012,84115.7771456
-77370.2598984,-275981.500784,84753.1762065
-77871.2126975,-277502.354644,86089.570094
-78093.0979498,-278165.487159,86659.1497276
-78317.7849719,-278829.932829,87177.8648785
-78632.8561566,-279782.182083,87812.3286863
-78895.9444747,-280637.578556,88302.373628
-79174.3187217,-281683.962373,88771.8127704
-79393.8790043,-282634.302206,89118.5578401
-79577.1479595,-283493.080011,89382.0959371
-79781.0031409,-284549.432912,89656.5300615
-79946.8317871,-285411.186034,89877.6525209
-80168.3008206,-286472.517719,90206.477073
-80448.5429957,-287728.67885,90653.0151488
-80582.4262026,-288306.873299,90863.691488
-80856.2223283,-289368.005318,91295.1193776
-81118.2414284,-290328.29488,91699.0530066
-81388.80611,-291278.585083,92097.8786125
-81669.2718356,-292225.855774,92481.508658
-81982.8318072,-293266.534697,92877.1643026
-82195.8870518,-294016.817978,93154.83108
-82434.6329422,-294944.974535,93487.1739709
-82652.5354497,-295956.845594,93845.0174364
-82825.4272768,-297044.308647,94232.6902793
-82924.1471377,-297763.486633,94491.4815231
-83025.2140716,-298749.571476,94851.2607855
-83100.5409801,-299471.965935,95120.1228148
-83262.7301106,-300651.188035,95577.341623
-83404.8542382,-301379.771059,95876.5635684
-84354.2783784,-303911.98928,96885.7521897
-84481.9265364,-304297.379605,97036.6310152
-84545.6936392,-304490.132444,97112.3513728
-84771.1024393,-305173.976064,97375.7828317
-85049.5688751,-306064.137045,97719.6554629
-85396.2266654,-307168.320898,98178.277652
-85746.6993747,-308162.920944,98660.1618117
-86090.4952147,-309052.569793,99142.1089651
-86741.6425087,-310402.88581,100038.034472
-87083.5973329,-311068.933417,100502.804668
-87651.8676775,-311990.159089,101211.176067
-88277.5553297,-312896.169162,101923.214677
-89022.8457342,-313877.498427,102665.071691
-89697.0293369,-314750.159395,103171.784887
-90300.960346,-315502.82816,103523.28707
-91273.6063348,-316613.460189,103711.34888
-91669.0859867,-317102.765886,103750.018129
-92145.9016042,-317807.327294,103583.389967
-92662.3913151,-318571.81634,103302.594384
-93174.2699443,-319254.685521,103077.990816
-93861.9812545,-320098.894706,102837.550742
-94874.8210469,-321231.418661,102638.569415
-95416.1920948,-321843.135214,102546.74125
-96398.3416521,-322961.79393,102529.317786
-97073.525691,-323740.190676,102573.600582
-98585.8527295,-325518.359901,103152.730451
-99053.0366064,-326071.423123,103329.114162
-99906.8751854,-327121.127569,103784.475524
-101037.288998,-328703.244159,104661.107118
-101705.475642,-329677.702111,105221.148606
-102473.261702,-330912.234797,105959.841642
-103171.808043,-332155.110166,106683.138941
-103657.423581,-333272.085078,107353.030148
-104095.593021,-334662.216381,108190.186176
-104386.414419,-335818.618008,108889.726796
-104663.504266,-337781.868196,110120.758321
-104774.175475,-338593.790762,110573.868837
-104928.773021,-339794.525947,111159.068072
-105096.783745,-341303.435428,111812.127874
-105242.223417,-342743.922032,112379.143491
-105530.822133,-344178.449132,112963.22806
-105865.168092,-345283.321628,113454.80467
-106301.867011,-346340.771111,113982.20807
-106973.019097,-347577.519089,114691.784186
-107652.29372,-348869.474988,115682.898283
-108143.115132,-349923.537049,116584.004195
-108456.224799,-350786.801763,117447.716132
-108616.655185,-351848.394147,118617.686676
-108539.831377,-353552.727028,120231.945481
-108384.89193,-354746.81221,121251.551016
-107986.003579,-356347.828579,122413.377943
-106128.044118,-360301.660277,123153.158767
-105920.909221,-360800.087634,123296.712561
-105560.505667,-361615.942888,123398.902793
-105069.941293,-362727.730218,123307.444474
-104416.265258,-364190.082991,123185.945703
-103709.739104,-365797.133563,123245.812023
-103273.025405,-366839.663046,123421.992188
-102773.217588,-368221.080433,123987.753113
-102425.520035,-369634.587889,124664.304148
-102210.69852,-370782.669013,125304.458056
-102069.537753,-372052.530955,126077.047963
-101964.056552,-373296.560995,126879.463177
-101827.217224,-374593.512214,127819.021284
-101686.884321,-376220.484754,129332.614077
-101651.334209,-376770.231474,129825.978578
-101671.931111,-377953.106806,130888.370909
-101718.76913,-378809.134904,131618.901805
-101865.477991,-380094.611758,132708.340955
-101990.637062,-380969.315135,133422.738825
-102259.470536,-382240.986531,134316.284853
-102702.82317,-383722.963477,135235.575396
-102990.591905,-384604.301481,135768.707881
-103516.159536,-385974.615384,136581.88949
-103939.789335,-387350.962938,137312.419294
-104165.634098,-388356.276624,137790.116948
-104300.359867,-389323.366731,138274.857575
-104366.931031,-390350.157294,138867.044029
-104388.168775,-391286.221073,139621.471852
-104358.583033,-392153.151098,140482.325346
-104252.329707,-392971.286351,141362.814135
-104086.23452,-393679.143695,142125.398951
-103753.973506,-394445.080174,142585.431099
-103275.661524,-395271.599952,142720.647528
-102757.486665,-396082.327779,142636.933066
-102276.99483,-396830.699481,142552.095501
-101874.465225,-397575.24736,142688.472069
-101517.562802,-398378.550296,143068.316331
-101195.708177,-399436.684061,143996.850148
-100937.809444,-400440.330696,145189.164927
-100704.12651,-401366.938314,146365.286358
-99706.338844,-406005.724793,153039.52248
-99706.338844,-406005.724793,153039.52248
-99680.0638825,-406111.490757,153177.85532
-99680.0638825,-406111.490757,153177.85532
-99358.9422746,-407077.653267,154064.578992
-99136.9563451,-407717.909635,154605.765297
-98860.559396,-408794.315746,155492.544593
-98713.3379143,-410132.464391,156732.854776
-98688.0761935,-411045.211125,157669.661876
-98872.4744173,-412343.462212,159284.561437
-101048.133218,-415177.262596,165125.398635
-101272.941223,-415539.227317,165806.841269
-101775.26596,-416250.151087,167250.545404
-102476.037941,-417192.215557,169212.736899
-103398.395085,-418641.950903,171737.127336
-104155.403838,-420041.974527,173911.335726
-104781.815171,-421518.608732,175938.900902
-100200.137635,-427312.454221,181999.542862
-99050.5645947,-428975.901176,184152.570632
-98120.939523,-430203.522673,185812.472206
-97145.552695,-431412.044011,187503.703561
-95736.1388923,-433173.542226,189993.263243
-95105.1018169,-434186.207693,191346.576917
-94408.3714041,-435751.78418,193283.153654
-93825.4213493,-437584.62786,195386.555517
-93412.5314518,-439140.753581,197097.308354
-92897.8151672,-440893.463022,199029.652514
-92028.6296276,-443362.998096,201857.719939
-91635.6489552,-444409.139809,203080.641693
-90602.5113639,-446485.051858,205788.711935
-90032.2688443,-447579.669039,207224.643559
-88934.0619158,-449352.621149,209571.288152
-87824.9632539,-450919.331454,211595.147632
-87085.6872967,-451882.024189,212808.434113
-85690.2658765,-453593.66493,214806.28273
-84893.8133882,-454677.347953,216012.210157
-84109.3569498,-455946.995825,217319.08215
-83408.823675,-457489.500275,218809.277033
-82779.5843341,-459138.356454,220377.531306
-82104.7149383,-461096.489483,222252.50437
-81512.3626783,-462770.279682,223874.6781
-80357.9174481,-465313.260926,226433.001896
-79449.1527441,-467073.372322,228209.837497
-78543.8638137,-468611.762079,229768.815107
-76806.3193277,-471014.635903,232194.143522
-75861.4554599,-472294.569935,233471.911668
-74105.6834807,-474412.436732,235589.393161
-72757.174018,-475966.950481,237169.579319
-71086.7298007,-477800.663289,239091.645236
-69773.9737016,-479282.047196,240644.3159
-68358.1020339,-480920.777516,242360.277541
-66640.0833189,-483047.178722,244593.084903
-65664.9340632,-484403.636653,245935.629139
-64635.7866712,-485952.766965,247404.634789
-63389.3730992,-488019.320843,249317.48292
-62597.1672171,-489398.062243,250604.020306
-61404.4679405,-491594.280878,252802.672449
-60772.2299318,-492777.503246,253997.17925
-59094.5494364,-496310.418463,257865.587086
-58927.9635052,-496646.543718,258225.293809
-58511.2156569,-497484.325514,259124.970987
-57664.6855422,-499189.099029,260946.434994
-56700.935972,-501091.66021,262970.882445
-55893.3384218,-502671.104513,264628.433696
-54696.9626167,-504815.860937,266847.474959
-53658.5633133,-506644.443318,268708.345895
-52710.7386712,-508351.59269,270386.590847
-51036.1865414,-511332.45786,273083.309454
-50462.1762313,-512283.600872,273977.451088
-49147.0312058,-514251.016145,275928.15246
-48124.3419275,-515830.006674,277539.237275
-47095.3278836,-517830.412494,279512.855647
-46327.1436345,-519480.080505,281109.144533
-45534.4703389,-521333.915863,282861.167487
-44568.0915889,-523594.276494,284990.744777
-43857.9099984,-525114.903437,286465.560778
-42880.4963037,-527016.423725,288385.551545
-41725.4129983,-529093.776221,290577.692967
-40326.524248,-531630.694248,293225.966298
-39583.6255829,-533013.760232,294633.186889
-38033.1761378,-536066.611134,297534.420654
-37414.4465304,-537272.264159,298681.871362
-36488.3739389,-539019.392129,300343.930002
-35444.292017,-540874.306305,302155.781176
-34173.2325556,-543032.992057,304299.916355
-33431.6489912,-544295.989635,305543.013833
-32272.015526,-546303.534125,307451.777964
-31298.0163663,-547944.036419,309012.263139
-30204.2305583,-549787.37255,310748.880406
-29029.0216612,-551852.800826,312657.239282
-27993.2429612,-553781.241281,314400.197749
-26935.3383613,-555708.786608,316152.239106
-25824.873455,-557625.272887,317913.079062
-24769.7931394,-559349.585817,319513.397376
-23369.0322044,-561445.943879,321491.534816
-21909.5667224,-563568.749722,323451.72482
-20837.1436717,-565112.260602,324859.704952
-19508.6406629,-567019.471577,326591.910226
-18185.7957809,-569159.578202,328524.412388
-16871.4909203,-571516.385574,330663.949674
-16119.2778728,-572890.518499,331918.223784
-14814.0508386,-575457.470068,334268.265147
-13938.3975332,-577251.418039,335944.310709
-13220.8236418,-578895.066782,337471.242119
-12367.2307431,-581274.560731,339670.420764
-11671.1391901,-583478.109348,341748.641044
-11059.1561301,-585620.99632,343938.741571
-10470.0234727,-587687.772768,346168.163764
-9919.75735286,-589485.956897,348165.787581
-7126.37406932,-594338.036058,353694.818581
-6961.19933812,-594676.054251,354074.526471
-5202.73759849,-597344.625771,356984.027495
-4312.15410846,-598663.061348,358396.152972
-4214.98148874,-598811.711973,358556.359095
-4117.97988995,-598960.599245,358715.61706
-3457.28926971,-600050.675983,359779.669971
-2563.46745911,-601772.335533,361262.413749
-1663.75323142,-603777.847578,362799.596928
-723.316281419,-605933.444098,364421.320376
309.841191078,-608117.553917,366163.539998
1475.78514357,-610271.227329,368063.065006
2748.72443607,-612389.825591,370121.761739
4557.07958759,-614999.816146,372953.637624
5539.18934538,-616367.61627,374451.870545
7838.3405905,-619195.018616,377712.118809
9149.21953339,-620908.525886,379652.580539
9783.85220534,-621759.342994,380618.531706
10798.003455,-623250.061817,382333.087757
11850.1516157,-625116.188364,384543.502339
12752.7067686,-627024.066914,386819.457644
13359.7196545,-628427.040764,388503.521814
14078.6804628,-630402.921603,390892.731829
14768.3098983,-632380.044271,393270.555917
15298.0632761,-633793.797871,394963.262152
16371.2535363,-635960.209906,397565.409221
17232.9349378,-637422.64328,399308.11086
18272.0072101,-638892.442085,400911.533497
19752.4158057,-640698.537241,402738.885094
21060.7319745,-642189.185912,404201.303159
22824.1431306,-644033.083177,405893.078396
24404.4028841,-645761.764169,407369.051127
26170.5996735,-647911.674874,409159.625728
27258.320728,-649349.43004,410409.338848
28438.8449042,-651119.424583,412065.909925
29443.4528454,-652784.226557,413829.379022
30234.0145619,-654231.973525,415478.303386
31033.2854593,-655928.529772,417554.464817
31809.0824177,-657602.950092,419565.027307
32437.6921809,-658986.593552,421183.266148
33212.0223096,-660719.163389,423130.588409
33876.0129659,-662154.835681,424713.920047
35754.4047512,-665573.682206,428617.917058
36014.6575139,-666058.186765,429172.198719
36664.6059781,-667190.913272,430489.949122
37557.4455916,-668660.748185,432211.876355
38647.2787319,-670302.895559,434133.764375
39659.2272842,-671815.625691,435874.423839
41148.6672777,-674089.864805,438380.956508
42049.8865855,-675498.493039,439908.082099
45183.849935,-680741.7292,445348.658822
45504.4891875,-681263.778686,445900.549248
45824.9429341,-681782.387222,446452.383172
46459.1049924,-682815.998585,447564.276999
47565.2558532,-684749.09415,449642.322589
48158.5733008,-685800.468798,450778.703064
49009.0233538,-687376.082132,452493.783135
49904.6704348,-689128.000695,454409.294097
50873.8179203,-691267.680097,456734.67244
51582.50305,-692884.672588,458489.045573
52430.4630962,-694846.111034,460638.203206
53140.0269774,-696433.51157,462419.439693
54044.6654681,-698353.092365,464626.912728
54899.5880129,-700083.419331,466633.485102
55699.3931152,-701622.353629,468417.59302
56879.7083143,-703603.132833,470704.200098
57915.2829435,-705233.190471,472578.407034
58764.1105928,-706529.511042,474050.757613
59851.5571406,-708130.363526,475836.002146
60935.7718954,-709749.365547,477571.080645
62125.7086552,-711556.507997,479411.224262
63521.494579,-713756.3063,481512.77933
64163.8849588,-714784.850087,482484.200414
65295.7295743,-716776.483214,484317.577476
66203.6075829,-718434.126798,485850.301134
67915.4062864,-721654.832723,488913.948868
68526.185716,-722776.008214,490020.66177
69331.9055658,-724263.093037,491542.267035
70219.0462813,-725917.915207,493287.834
71284.7029793,-727891.827944,495448.384267
72245.9168925,-729646.248336,497375.678762
73293.6845102,-731552.718947,499443.934569
74150.6246823,-733092.501913,501096.27972
75104.5842899,-734769.719438,502858.505321
75968.7776915,-736252.186624,504352.978753
77048.9463701,-738026.471671,506065.666659
78251.0278784,-739943.401112,507826.713965
78955.3919477,-741067.072862,508855.681551
80209.7747023,-743037.80533,510722.227132
81061.1065937,-744369.167894,512020.591814
82280.7140223,-746254.845725,513963.348767
83427.4805523,-747996.720848,515847.281248
84487.6450461,-749574.623626,517626.285495
85817.498568,-751533.702626,519870.324724
87152.3621839,-753514.494988,522121.327382
88227.1633931,-755112.75433,523888.350997
89645.9462311,-757227.961988,526152.877529
90584.8185402,-758636.706845,527638.630641
91722.5885156,-760392.49802,529452.729055
94980.6284849,-765932.55849,534907.272628
95297.5256017,-766453.935378,535428.264352
96035.3732173,-767666.804256,536633.212681
96246.2313671,-768013.648761,536978.39014
96774.3734781,-768882.96041,537841.520392
97726.6106514,-770441.711505,539399.568473
98769.8331061,-772155.793968,541141.457195
99872.7706455,-774014.192117,543059.388199
100819.696123,-775677.575808,544766.171702
101717.48127,-777314.751707,546438.300444
102652.955577,-779084.234291,548241.47265
103469.433273,-780673.120824,549857.093662
104366.162119,-782392.399155,551632.63555
105028.219245,-783642.76776,552924.687216
106050.20934,-785512.066191,554890.072195
106754.071609,-786758.242017,556225.822713
107771.003591,-788476.037041,558098.160094
108819.938826,-790195.302689,560007.72902
109783.258952,-791761.472755,561782.538085
110560.236243,-793027.149607,563217.391013
111547.048106,-794635.683984,565050.661324
112981.090512,-796934.343655,567681.361645
113705.257975,-798085.731239,568994.028262
114775.003981,-799747.147339,570839.536754
115867.38209,-801406.401514,572656.61197
116973.652093,-803064.692286,574452.0898
118569.389881,-805391.697546,576953.376357
119352.902482,-806568.907522,578217.723056
120432.54196,-808259.557,580038.955483
121259.520562,-809607.888545,581505.828783
122206.226143,-811281.855603,583358.847595
123090.112099,-813085.756991,585384.807334
123793.317469,-814705.004738,587224.386814
124361.235603,-816138.643523,588885.448063
124994.78298,-817979.178582,591121.156559
125434.237482,-819343.321235,592823.941063
125976.914765,-821276.689582,595336.757504
126302.54436,-822466.199672,596882.454643
126693.085652,-823798.874778,598586.158716
127114.856993,-825124.152165,600248.784513
127687.061721,-826724.393483,602204.449531
128372.882652,-828436.191576,604234.330851
128800.577271,-829425.795259,605387.349578
129556.918964,-830953.092369,607094.041269
130451.968393,-832594.259073,608852.912407
131067.625783,-833686.196919,610012.542481
132157.291542,-835445.732145,611891.412644
132848.434424,-836528.708477,613071.833276
133644.508322,-837761.229104,614446.56485
134533.351332,-839148.849672,616040.368926
135408.408888,-840529.890341,617707.690992
137060.020168,-843317.573518,621443.810159
137228.134221,-843595.583869,621806.766049
137744.627482,-844434.899823,622935.724074
138648.986445,-845854.257413,624890.169949
139679.412991,-847451.930642,627069.728446
140655.027998,-848931.967414,629058.536466
141555.089667,-850270.905738,630834.678121
142628.534815,-851910.055167,632966.337046
143634.311366,-853536.038239,635032.757237
144401.244643,-854853.610125,636698.963348
145234.235161,-856544.002006,638822.57589
145730.39446,-857648.663706,640211.489338
146238.181976,-859088.0132,642076.336265
146567.707935,-860214.978148,643581.122109
147103.916289,-861376.986016,644281.528155
147512.951833,-862692.238546,645168.029915
147787.867448,-863989.159635,646546.195694
148052.316495,-864874.243469,647587.986177
148495.903721,-866296.909125,649374.180582
148830.897586,-867264.115128,650623.156554
149616.733314,-869159.874624,653291.534865
149920.53755,-869912.665573,654358.802272
150405.631716,-871191.314837,656240.919776
150857.075484,-872484.436323,658153.013504
151264.118895,-873637.045507,659889.539785
151902.473318,-875327.462966,662356.27825
152248.835234,-876315.435059,663706.513318
152590.251489,-877316.887964,664982.01496
153098.052142,-878692.145987,666603.743294
153564.156336,-879815.815206,667890.317976
154190.598265,-881198.730351,669386.475953
154785.681044,-882450.113756,670738.357233
155466.26365,-883820.689358,672277.752216
156087.827786,-884933.70628,673621.384533
156845.416281,-886177.836723,675203.455357
157809.727091,-887698.35185,677208.439509
158546.98012,-888850.126122,678729.435747
159286.77525,-890033.87132,680195.712782
160035.430406,-891250.329886,681650.794823
160882.719597,-892627.702452,683257.840346
161950.665704,-894494.306951,685314.652682
162524.422402,-895500.416413,686421.180181
163332.876323,-896960.797246,687961.403642
164192.948683,-898583.460871,689587.208214
164869.00473,-899958.440118,690866.28548
165740.85236,-901868.632783,692512.374035
166380.882581,-903330.846878,693753.605414
167053.390488,-905007.802946,695190.419013
167667.067142,-906579.564758,696745.38998
168436.420153,-908795.719271,699152.721691
170005.364035,-915437.801501,707993.582597
170222.105222,-916266.337179,709045.718277
170547.365151,-917519.789093,710659.131094
170653.040129,-917935.942127,711193.214107
170887.895385,-918978.492478,712532.981776
171197.487972,-921293.993101,715335.777326
171399.386307,-922950.660086,717359.200161
171631.787606,-924973.63535,719884.525307
171920.949357,-927202.268525,722606.043414
172471.583586,-929265.707489,724875.204567
173269.97491,-931345.280655,727055.585079
174400.224494,-933572.469207,729306.903599
175394.674853,-935339.553151,731078.633856
176638.168321,-937595.165178,733391.481893
177435.529459,-939077.744041,734986.941177
178494.507578,-941239.52673,737538.348198
179303.321467,-943019.07804,739743.672858
179904.922147,-944442.425271,741506.060089
180680.717195,-946386.239931,743900.572153
181329.041752,-947970.692388,745798.306301
182236.65769,-950087.29619,748192.003978
183081.453453,-952027.167631,750276.832253
183633.633427,-953253.676142,751580.577948
184598.242806,-955155.395829,753534.201079
185725.252227,-957222.340852,755606.809895
186406.436336,-958646.376867,757012.922457
187179.140559,-960497.010579,758801.48667
187956.592919,-962599.572716,760830.923563
188502.447716,-964142.215185,762306.929719
189175.32082,-966107.551473,764169.137101
189923.353156,-968305.269339,766215.701614
190515.150677,-970097.420416,767879.016954
191256.732724,-972274.10725,769900.547706
191961.969272,-974245.874579,771713.339176
192847.07817,-976614.346236,773866.462832
193435.316069,-978191.632322,775310.577714
194135.1244,-980138.531922,777158.03721
194872.127112,-982255.011624,779250.736178
195459.763592,-983972.028516,781000.652348
196040.176506,-985683.405676,782792.755374
196779.781182,-987721.224315,785042.811925
197474.370243,-989549.056051,787117.551322
198103.199792,-991184.816519,788990.904445
198899.696679,-993176.398205,791255.228736
199855.189228,-995545.203144,793925.403058
200439.224857,-997009.649029,795576.219585
201085.194527,-998659.759079,797446.897757
201773.494988,-1000495.63676,799574.02917
202374.854268,-1002164.4091,801509.211195
203044.068779,-1004033.06792,803654.707849
203896.343794,-1006268.14181,806219.537938
205640.528112,-1010414.77265,810987.553511
206010.547297,-1011318.64801,812028.191767
206157.584443,-1011680.0081,812444.483812
206659.323681,-1012930.03432,813891.639583
207326.724516,-1014716.68476,815953.300291
207992.441913,-1016696.0029,818221.529482
208506.296513,-1018333.36597,820080.132855
209047.841857,-1020167.95811,822132.568204
209924.194505,-1023144.17937,825345.313272
210257.172459,-1024260.83857,826550.234717
210771.679164,-1025934.98101,828331.235316
211501.631572,-1028154.98199,830663.853141
212391.286271,-1030780.10838,833339.354773
212709.184147,-1031716.84133,834298.914166
213427.937939,-1033788.02725,836427.896465
213944.808643,-1035304.68873,837986.312616
214580.632093,-1037212.8048,839949.19825
215202.489713,-1039128.10595,841925.132915
215801.299425,-1041057.58277,843910.357607
216425.96139,-1043198.11781,846125.930297
216926.257164,-1044946.70366,847956.017281
217631.353956,-1047442.2703,850612.855095
218361.945069,-1049895.53201,853266.604633
218650.254171,-1050839.6042,854280.037711
219264.371354,-1052709.94625,856280.104998
219971.763595,-1054754.16394,858448.945004
220556.611764,-1056427.65487,860215.034733
221139.219914,-1058103.5472,861982.008716
221784.52026,-1059974.18327,863945.181778
222485.701158,-1062055.26804,866113.035647
223109.630918,-1063960.14485,868092.253955
223671.120499,-1065666.96508,869891.245119
224408.360016,-1067948.1185,872302.07253
224907.602213,-1069465.1192,873906.269014
225614.341133,-1071538.42174,876097.195847
226541.794361,-1074390.17406,879070.31731
226907.950117,-1075532.01883,880261.745901
227441.736054,-1077250.36634,882062.065029
228004.345926,-1079161.89145,884077.261616
228545.894048,-1081074.59098,886106.206467
229049.906865,-1082980.56861,888153.811291
229540.363548,-1084871.20881,890220.17489
230091.144132,-1086916.89274,892473.396351
230502.807444,-1088378.24798,894109.597581
231087.583167,-1090331.37688,896340.325033
231628.892647,-1092098.10637,898357.188509
232134.062816,-1093689.50736,900154.16717
232762.711096,-1095640.82299,902333.390679
233269.445864,-1097253.97755,904120.561043
234089.961494,-1100205.60665,907344.715256
234495.295276,-1101677.20424,908957.561161
235732.190057,-1106676.84377,914467.133269
235779.778907,-1106861.48776,914670.353252
235827.563463,-1107046.25333,914873.490869
236119.469698,-1108157.62486,916087.642722
236617.487066,-1110019.58631,918092.926865
237150.432112,-1112106.56284,920286.138265
237611.89962,-1113815.14708,922093.870176
238150.221521,-1115701.92735,924102.650775
238844.403677,-1118130.91167,926662.497106
239274.690558,-1119616.42742,928249.052919
240314.91257,-1123779.58854,932858.38321
240455.91735,-1124325.52429,933456.898467
240687.314815,-1125230.29771,934448.580472
241176.995655,-1127207.52982,936610.936715
241536.275992,-1128617.258,938166.743352
242023.48612,-1130511.51236,940293.276395
242420.025028,-1132030.00708,942033.622723
242875.236201,-1133667.24085,943960.292336
243350.434741,-1135442.86764,946043.498899
243718.885453,-1136899.24132,947751.520953
244114.519149,-1138518.10971,949671.31426
244845.912568,-1141327.95488,952958.73044
246223.536096,-1145965.69457,958645.822088
247042.408985,-1148651.06056,962039.781589
247092.176205,-1148818.06644,962248.619949
247141.050904,-1148985.27516,962457.086106
247189.801515,-1149152.34736,962665.744831
247433.362308,-1149987.15244,963727.88253
247959.453556,-1151853.63904,966162.143707
248552.314413,-1154067.18345,969078.93081
248820.84522,-1155089.55267,970414.532292
249233.057705,-1156821.50522,972588.053219
249792.04185,-1159315.38435,975534.04461
250044.693456,-1160366.32559,976796.946598
250478.724018,-1162120.56543,978827.601871
251037.362844,-1164188.75551,981203.186705
251420.162511,-1165559.65241,982802.240753
251855.826506,-1167259.81191,985008.913989
252355.65252,-1169430.10517,988173.177348
252687.989761,-1171107.3907,990570.008598
252980.074157,-1172431.89764,992353.967674
253425.309735,-1174396.18339,994816.405521
253752.950703,-1175732.36415,996355.560309
254598.11449,-1178492.62547,999200.576803
255115.35623,-1179996.04645,1000946.94723
255464.028612,-1180995.94266,1002136.18597
256051.893211,-1182674.82321,1004214.38523
256618.722359,-1184372.06054,1006373.93024
257121.222183,-1186042.22843,1008565.99077
257580.888,-1187847.83635,1010984.98778
257832.184173,-1192290.37215,1017311.17838
257880.29618,-1192756.58536,1017972.35829
257975.949397,-1193640.7516,1019193.73232
258013.441068,-1193936.16785,1019595.79475
258248.510648,-1194926.87255,1020821.80592
258876.340851,-1196431.77723,1022432.09419
259561.255024,-1197844.4558,1023871.67218
260238.581167,-1199134.36081,1025237.31762
261140.326699,-1200719.3271,1027138.46496
261969.392723,-1202322.67121,1029440.38656
262598.554408,-1203657.70632,1031476.36795
263212.600611,-1205154.94113,1033908.06578
263829.736896,-1206953.82757,1036981.33275
264266.763076,-1208466.62586,1039525.23538
264591.451553,-1209834.09844,1041795.30697
264841.850748,-1211209.53752,1044036.28764
265035.302562,-1212756.4942,1046468.72182
265045.863711,-1215459.69374,1050357.87595
265060.770134,-1216253.12263,1051506.51148
265046.15446,-1217529.29469,1053308.5101
264964.218575,-1219448.71379,1055967.08885
264892.239772,-1221202.23454,1058394.29696
264840.27423,-1222638.99247,1060362.80335
264806.270417,-1224079.14873,1062324.86485
264806.129254,-1225696.62699,1064522.08273
264834.473763,-1227160.73495,1066534.32722
264907.847681,-1228800.75705,1068831.67262
265019.479255,-1230452.82218,1071196.51102
265272.740389,-1232803.75821,1074611.65039
265407.437851,-1233975.70918,1076323.01497
265639.93965,-1235650.22903,1078796.0688
265866.031005,-1237162.75937,1081019.59793
266001.46102,-1239002.35333,1083728.6803
266066.285611,-1240713.73935,1086178.42769
266087.175291,-1242274.3252,1088335.3773
266003.813298,-1243992.09845,1090682.56701
265858.242185,-1245773.22362,1093275.98657
265758.879326,-1247193.19518,1095407.30944
265689.728904,-1249338.13516,1098724.02229
265692.00056,-1250564.91419,1100615.91193
265792.495393,-1251935.60322,1102745.44826
265977.572208,-1253290.40865,1104881.59417
266300.359558,-1254917.03332,1107519.94672
266679.566795,-1256654.33531,1110440.75926
266907.04177,-1257659.85448,1112143.66758
267296.363838,-1259207.13401,1114794.55626
267621.6406,-1260451.77138,1116942.3524
267987.62403,-1261801.8038,1119271.00071
268456.433248,-1263519.34248,1122212.79504
268735.908455,-1264567.03298,1123995.72197
269060.151382,-1265848.84147,1126146.29772
269595.874427,-1268524.48884,1130499.22017
269671.551701,-1268879.46278,1131086.26629
269779.771668,-1269892.05041,1132778.03848
269802.014308,-1270346.2832,1133529.15498
269628.357911,-1271382.88261,1135234.64698
269270.009396,-1272548.4182,1137157.53266
268673.884422,-1273962.15881,1139543.93476
267997.953075,-1275361.45893,1142090.2993
267651.261262,-1276180.54971,1143648.48038
267232.588941,-1277365.01676,1145988.79585
266897.719931,-1278551.90358,1148357.45577
266640.236521,-1279738.81089,1150708.9516
266477.369145,-1281001.41326,1153163.0353
266391.444754,-1282015.01474,1155108.26726
266323.433849,-1283339.56693,1157568.29158
266177.933955,-1284240.71695,1159163.37119
265763.267606,-1285418.39191,1161068.59855
264707.523775,-1287087.31335,1163379.27998
264063.64728,-1288007.96636,1164599.01288
263041.485732,-1289314.40884,1166205.51001
261709.545218,-1291092.95741,1168251.05386
261119.907622,-1291970.65483,1169275.15124
260452.921345,-1293428.61777,1171047.33561
260094.049548,-1294269.00107,1172189.05737
259610.699934,-1295686.72703,1174429.45974
259294.243881,-1296657.35623,1175977.72745
258865.542985,-1297918.70645,1178045.26848
257942.543413,-1299765.91795,1181165.84633
257471.208251,-1300699.29097,1182747.2745
256842.633165,-1302073.83033,1185164.82199
256513.631577,-1303467.9671,1187750.71728
256420.841145,-1304877.39874,1190314.23121
256629.259803,-1306195.25367,1192187.54825
257012.37425,-1307352.88982,1193945.02707
257255.590725,-1308428.13239,1195969.83038
257409.540677,-1309594.9048,1198393.41802
257513.619135,-1310687.21473,1200768.6065
257779.945048,-1312329.8809,1204448.21055
257855.043938,-1312958.65151,1205742.47014
257894.803434,-1313859.50237,1207421.57115
257878.360936,-1314937.45231,1209259.33897
257736.133984,-1316321.00641,1211466.59455
257368.944818,-1317496.18919,1213490.70816
256902.801571,-1318478.2704,1215317.66007
256327.533354,-1319505.26171,1217315.69675
255808.426492,-1320652.55635,1219336.75172
255537.925022,-1321725.14261,1220891.61881
255849.042084,-1324780.24724,1223765.14039
255872.243238,-1325194.30224,1224191.83694
256224.477096,-1326452.18284,1225344.91765
257962.588431,-1329672.13992,1228615.49444
258605.207089,-1330989.65513,1229970.19019
258929.643188,-1331638.75471,1230646.97456
259137.677794,-1332024.60901,1231076.78927
259529.607567,-1332654.82425,1231867.60238
260397.11849,-1333748.52188,1233500.91813
261504.115961,-1334948.53254,1235509.8705
263936.487889,-1336951.48507,1239441.97744
264586.831683,-1337524.25547,1240515.92088
265629.103849,-1338468.58147,1242289.30677
266875.436253,-1339672.21715,1244563.99648
268015.82676,-1340874.87431,1246724.11214
269411.034947,-1342444.21482,1249389.53708
270174.644436,-1343298.80482,1250800.1275
271383.752644,-1344729.26367,1252952.22575
272382.036047,-1345962.38422,1254671.48031
273512.150196,-1347392.74098,1256533.333
275476.092182,-1349949.97078,1259450.8959
275950.605116,-1350552.7567,1260157.73399
277115.754088,-1351954.0914,1261759.06167
278507.077548,-1353533.28271,1263598.00529
280484.845651,-1355616.05008,1266029.11757
281851.738749,-1357096.08326,1267659.25117
283169.55849,-1358640.08188,1269192.85838
284760.377004,-1360625.28194,1270980.05633
286101.689577,-1362304.40317,1272515.70371
287472.239157,-1363950.38183,1274026.03283
290145.569323,-1366983.12468,1277009.7823
291229.845361,-1368243.28973,1278271.97365
292276.258095,-1369527.41204,1279576.85354
293689.75053,-1371158.14794,1281385.93884
295513.667866,-1373122.59991,1284014.02055
299262.203444,-1376402.40255,1290140.43417
300147.79181,-1377250.84512,1291540.10166
302891.645894,-1380940.52855,1296359.47066
303197.40778,-1381316.02554,1296876.9998
306312.285685,-1387294.44597,1302467.75931
306554.309591,-1387708.93814,1302901.91133
306905.992678,-1388336.49807,1303547.81105
307023.536097,-1388545.44193,1303763.13966
308111.916709,-1390676.96266,1305834.26791
309031.433702,-1392376.14612,1307519.58818
310268.90242,-1394486.56845,1309728.70771
311935.283092,-1396994.14794,1312513.11814
313221.761869,-1398893.15826,1314617.89104
314532.495302,-1400846.62833,1316632.59244
316173.555675,-1403298.05824,1318988.44613
317855.789148,-1405779.2128,1321293.78519
319288.389674,-1407797.73344,1323195.82213
321210.90101,-1410209.99439,1325620.95927
323028.435354,-1412373.64727,1327839.41946
328045.053454,-1417567.84812,1333406.31765
329535.121797,-1419163.97767,1335089.77199
330581.176004,-1420367.55278,1336336.49446
331096.961858,-1420972.13611,1336964.00944
331937.056439,-1421981.30072,1338029.56997
333590.620446,-1423987.60915,1340232.99977
335182.057232,-1426006.32799,1342367.05543
336995.233721,-1428458.69819,1344844.1758
338326.792092,-1430300.95086,1346682.92202
339924.882579,-1432560.14084,1348953.92642
341745.402074,-1435260.26138,1351888.59971
342706.351904,-1436726.70603,1353585.13204
343892.555231,-1438609.39969,1355964.94722
345281.092065,-1440664.34651,1358469.99776
346876.8657,-1442856.48514,1361033.25761
348164.008486,-1444650.14322,1363008.12749
353567.613135,-1454586.45185,1369445.60244
356947.993561,-1460777.81536,1373509.15097
358492.937172,-1463624.93398,1375397.31613
359189.825362,-1464920.50461,1376260.71276
360562.465948,-1467527.40921,1377989.33815
362046.8286,-1470380.75022,1379881.45703
363380.50591,-1472947.87681,1381591.69779
365367.716301,-1476699.95258,1384143.54795
366669.469311,-1479166.7765,1385870.8848
367317.658126,-1480398.20184,1386737.57583
368966.914996,-1483551.60277,1389046.39107
370484.981551,-1486437.19709,1391220.34123
370864.664927,-1487161.0726,1391759.7082
372117.987962,-1489570.95087,1393542.4647
373487.005261,-1492223.40573,1395475.60341
374605.117426,-1494401.04663,1397039.2728
375973.931324,-1497085.16581,1398920.81577
378642.393109,-1502262.66502,1402450.70189
379933.876199,-1504738.91188,1404137.64924
381522.418052,-1507743.35963,1406185.81968
382867.147624,-1510263.23974,1407898.3691
384236.252279,-1512802.96535,1409615.12729
385484.711784,-1515112.80666,1411181.62344
386610.165656,-1517175.54797,1412600.45229
388342.440908,-1520291.40451,1414767.21198
389642.600209,-1522630.84963,1416349.33949
390919.0145,-1524956.5298,1417896.46205
392329.11761,-1527517.02325,1419597.07849
393886.456251,-1530315.69289,1421448.11847
395441.337766,-1533098.55046,1423304.86858
398404.674768,-1538379.362,1426995.03515
398687.975641,-1538883.23969,1427343.1348
399259.729167,-1539889.34839,1428039.72339
400719.897064,-1542389.2596,1429748.14234
402337.73239,-1545144.20312,1431571.95916
408292.802365,-1554953.41512,1437791.39912
408594.3308,-1555456.03211,1438116.24652
408745.119325,-1555707.29209,1438278.79598
408895.845667,-1555958.60779,1438441.37194
409945.218772,-1557716.44682,1439583.15445
411436.480799,-1560222.75939,1441219.99259
413076.058054,-1562981.97113,1443023.69553
414427.466301,-1565245.16132,1444496.36669
415770.812261,-1567511.02271,1445975.80431
417260.223025,-1570021.13019,1447616.60543
418751.8444,-1572515.88016,1449244.44201
420390.151171,-1575248.31294,1451031.29908
421722.534926,-1577477.31207,1452492.87425
423196.457831,-1579942.23675,1454117.45092
424981.027049,-1582896.36806,1456073.25242
426466.897681,-1585358.76143,1457715.13683
428233.285038,-1588308.65951,1459702.36258
429405.823293,-1590275.21249,1461030.1753
430718.533186,-1592485.79453,1462522.54104
432159.675331,-1594945.17669,1464192.03853
433726.751263,-1597661.63187,1466056.49727
435003.035092,-1599886.40608,1467593.2641
436414.298521,-1602358.31847,1469278.73201
437952.749796,-1605084.17152,1471104.50225
439214.146943,-1607317.30985,1472590.41581
440716.49897,-1610039.4623,1474422.2958
442058.650108,-1612527.21349,1476119.52762
443281.111285,-1614776.70157,1477640.44475
444652.074798,-1617288.19572,1479287.86388
446012.366786,-1619795.09014,1480900.01842
447666.697409,-1622794.29473,1482814.3336
448783.228687,-1624789.67433,1484090.37829
450196.188747,-1627278.89576,1485673.31895
451610.376717,-1629766.91349,1487231.61333
453023.24858,-1632255.50053,1488783.98125
454560.441795,-1634980.03097,1490512.61344
455948.6093,-1637436.07504,1492111.37426
457193.943519,-1639626.71757,1493571.59335
458575.983794,-1642057.74434,1495199.34181
459958.114394,-1644495.29584,1496826.85161
461726.327746,-1647675.804,1499023.26209
462818.957301,-1649626.18445,1500378.60237
464053.730691,-1651812.98885,1501882.12756
465819.931272,-1654996.00846,1504020.41781
466910.509789,-1656953.06709,1505333.85137
470614.824206,-1663338.78062,1509586.33506
471472.014759,-1664810.62368,1510575.24736
472046.538773,-1665790.797,1511237.08626
472908.280702,-1667261.44355,1512224.40634
473909.636983,-1668982.75814,1513374.35663
475461.06156,-1671704.03912,1515161.32831
476853.802178,-1674184.82484,1516775.73379
478094.916005,-1676424.75366,1518234.97882
479473.206393,-1678914.63211,1519870.93167
480862.677476,-1681406.91737,1521508.15562
482421.23431,-1684141.17838,1523308.70864
483702.363979,-1686375.86165,1524787.04479
485128.215225,-1688864.41547,1526444.63722
486555.471197,-1691341.08695,1528141.23818
487988.064759,-1693789.8651,1529903.52264
489560.986333,-1696485.49763,1531839.04421
490858.035745,-1698711.78045,1533419.39269
492337.542086,-1701188.59611,1535146.76504
494027.822646,-1703825.87687,1537033.36238
495416.447178,-1705964.47688,1538643.38742
497146.050102,-1708541.09031,1540673.79091
499008.779733,-1711367.96282,1542896.97866
500091.90862,-1713018.93375,1544184.54987
501618.417554,-1715382.34031,1546000.32396
503095.008476,-1717757.49099,1547797.84148
504655.381505,-1720386.65761,1549741.17527
506053.797283,-1722789.09673,1551494.52461
507302.925149,-1724955.04008,1553063.30602
508815.529541,-1727606.91654,1554975.50721
510045.060853,-1729773.26567,1556539.62114
511555.883738,-1732402.10803,1558473.39837
512786.063975,-1734545.10046,1560082.39251
514281.225965,-1737148.38841,1562089.77227
515520.378581,-1739266.24128,1563738.92901
516920.151137,-1741617.54622,1565563.90685
518443.205197,-1744214.16634,1567557.80258
519666.215187,-1746355.42509,1569169.83037
520969.519062,-1748736.938,1570932.98986
522368.34642,-1751355.21457,1572851.9086
523505.825412,-1753490.52108,1574408.35924
524889.093021,-1756073.07177,1576292.70578
526161.439144,-1758383.71778,1577995.97724
527462.527249,-1760653.27774,1579665.54794
528650.239478,-1762687.39757,1581165.51165
530108.731447,-1765202.18516,1583017.92129
531442.076909,-1767523.63328,1584796.29161
532660.494686,-1769608.52376,1586447.80896
534046.406713,-1771909.21768,1588349.75253
535475.282636,-1774182.03306,1590297.98874
539896.327019,-1779841.49149,1595937.19743
540531.209445,-1780694.01409,1596760.34836
541169.761024,-1781540.34248,1597590.51797
544299.214022,-1785959.50584,1601687.01652
545379.153675,-1787528.35869,1603093.32854
547174.230764,-1790317.58536,1605374.75126
547624.971885,-1791010.86785,1605946.09553
547924.46251,-1791474.21726,1606324.10482
549364.174861,-1793875.82094,1608074.93028
550780.112632,-1796317.86621,1609750.83995
552469.288158,-1799289.48872,1611691.60899
553886.515534,-1801732.20682,1613351.41719
555457.747002,-1804374.38074,1615243.89452
556753.22914,-1806499.72166,1616846.99725
558053.136001,-1808583.06493,1618510.61128
559517.919888,-1810853.61302,1620450.68558
561123.992975,-1813299.00229,1622661.59598
562417.567235,-1815281.55308,1624500.71841
564507.365912,-1818559.48364,1627640.66495
565486.799003,-1820084.34633,1629099.57988
567259.952454,-1822870.47059,1631864.94718
568861.233278,-1825404.1106,1634460.85827
569526.422495,-1826461.23047,1635539.04022
570439.780171,-1827945.69205,1637049.75665
571810.912095,-1830307.19799,1639411.04114
573123.055015,-1832703.39056,1641732.54162
574288.042507,-1834904.60231,1643798.73415
575328.188756,-1836894.6224,1645631.81452
576590.024064,-1839363.35235,1647803.05049
577631.304604,-1841409.82828,1649538.03321
580962.908148,-1847706.47145,1654045.5455
581595.764862,-1848903.37545,1654925.64087
581848.837576,-1849382.20532,1655277.38854
583003.041955,-1851565.3979,1656810.68886
584148.842278,-1853760.34487,1658315.7064
585283.265027,-1855963.76449,1659812.99164
586669.913713,-1858655.41514,1661652.52148
587971.293086,-1861093.83278,1663345.52544
589200.901053,-1863255.25067,1664909.01966
590608.144761,-1865622.41874,1666690.72361
592038.610283,-1867952.49574,1668501.14039
594500.091589,-1871771.45655,1671634.86661
595365.782416,-1873117.04433,1672738.55037
596530.04204,-1874886.92143,1674227.79276
598001.881987,-1877073.02028,1676118.34866
599332.097474,-1879027.33898,1677828.33447
600929.789621,-1881389.0495,1679897.76855
602494.380433,-1883743.12483,1681948.8651
603614.58486,-1885457.44175,1683425.47369
605099.367751,-1887856.38812,1685416.06846
606430.513467,-1890057.52395,1687205.79559
610445.418183,-1897344.99581,1692590.80374
611825.728151,-1899845.86874,1694442.55211
612077.027898,-1900299.57986,1694780.60383
612578.03358,-1901208.19153,1695455.26156
612703.524087,-1901435.24355,1695624.09332
613711.84707,-1903253.42689,1696978.1341
614987.441776,-1905519.66505,1698680.35558
616393.890132,-1908009.09087,1700569.18273
617669.001603,-1910272.52275,1702315.45287
618936.944157,-1912530.72371,1704089.71087
620441.353116,-1915189.95421,1706276.8609
621448.971699,-1916935.86485,1707753.6467
623076.986208,-1919683.10584,1710239.6641
624200.799825,-1921545.78526,1711973.09942
625202.342503,-1923170.9052,1713519.61435
626669.542981,-1925537.22152,1715842.68409
627631.293188,-1927100.45939,1717382.64243
629006.212654,-1929408.83721,1719636.54887
629901.160647,-1930950.80897,1721121.70857
630974.382728,-1932882.24939,1722917.04656
632112.158106,-1935037.55679,1724825.25821
633356.223199,-1937443.33366,1726812.067
634399.767005,-1939481.34681,1728419.27629
635239.996956,-1941139.09176,1729676.27462
636200.966903,-1943041.39883,1731046.55808
637396.486134,-1945416.3252,1732671.68204
638370.896542,-1947386.58162,1733998.27995
639458.32218,-1949614.86361,1735489.88728
640651.275983,-1952112.38434,1737187.43887
641651.285899,-1954194.84922,1738640.52758
642897.751296,-1956806.10092,1740477.19421
644060.275882,-1959243.00245,1742190.71488
645599.303203,-1962297.93935,1744297.88946
646660.609896,-1964375.91398,1745702.28154
648049.700769,-1967066.29273,1747436.59999
649769.216871,-1970397.45408,1749434.48134
650775.278829,-1972308.60356,1750547.95004
652509.769183,-1975572.50974,1752288.84579
653655.719195,-1977766.48449,1753410.01151
655097.275024,-1980555.9311,1754714.905
656751.030191,-1983660.50243,1756031.85364
658141.256044,-1986190.11069,1757062.69911
660444.565457,-1990097.92352,1758551.36041
661775.709678,-1992329.9475,1759402.28313
663097.321103,-1994567.39426,1760246.22196
664882.188153,-1997650.37246,1761382.91662
666435.62521,-2000468.62247,1762395.75904
667749.755523,-2003021.55011,1763298.70516
669075.803745,-2005831.43343,1764357.74359
670544.584062,-2009149.59595,1765741.73574
671842.805152,-2012132.6748,1767106.3814
674016.165866,-2016933.78208,1770154.74597
674249.558879,-2017449.45331,1770457.50603
674962.385739,-2018972.06702,1771427.95629
676063.942457,-2021222.37781,1772966.70508
677565.520436,-2024240.77954,1775088.00303
678574.712435,-2026260.71478,1776501.59797
679860.292818,-2028800.62951,1778241.32902
681425.483629,-2031878.53417,1780252.2946
682561.763123,-2034215.80571,1781723.40239
684259.239369,-2037896.59893,1783898.17876
684990.519462,-2039470.62281,1784828.81202
686617.603178,-2042844.21959,1786852.45343
687645.267679,-2044900.90894,1788111.64254
688850.9226,-2047178.52476,1789552.70793
690087.485515,-2049421.67391,1791012.90121
691468.047538,-2051877.58917,1792641.62464
693013.2654,-2054559.9831,1794397.5269
694424.018967,-2057007.45233,1795969.45432
695816.241203,-2059500.65649,1797425.86932
697463.977141,-2062493.05388,1799028.7136
698585.93643,-2064512.51061,1800113.86933
700714.36617,-2068586.56923,1802118.24362
701841.735476,-2070779.01902,1803193.72594
702815.883988,-2072689.03224,1804131.35226
704339.332035,-2075712.39726,1805572.58026
705731.90337,-2078450.5462,1806853.27825
707115.703724,-2081148.86044,1808123.40424
708353.808155,-2083552.12115,1809310.33951
709732.741169,-2086187.87196,1810702.35228
711268.856053,-2089060.89434,1812327.46291
712540.957363,-2091394.39017,1813720.85619
714096.607157,-2094215.12208,1815509.4597
715759.385425,-2097303.26981,1817479.90695
716710.039239,-2099100.38007,1818621.42934
718128.235779,-2101912.64951,1820394.2783
719390.247119,-2104464.06549,1822023.4658
720553.734632,-2106741.17909,1823521.80148
722174.13174,-2109752.47386,1825615.65752
723279.729039,-2111753.1771,1827057.37431
724844.001124,-2114480.4871,1829144.83812
726281.818994,-2116962.79379,1831100.96835
727739.378543,-2119461.71937,1833107.26071
730027.802597,-2123496.72558,1836417.37008
730740.1889,-2124757.65598,1837448.5885
732007.701295,-2127039.3343,1839326.56645
733401.4192,-2129581.35621,1841449.44003
734856.430762,-2132103.834,1843625.24682
736234.132008,-2134345.41749,1845627.81743
737841.17136,-2136810.9257,1847901.01339
739674.970271,-2139532.43784,1850414.32981
743480.411882,-2146249.11217,1855274.88422
744499.957533,-2148145.70945,1856620.45272
744789.559977,-2148687.84858,1857004.89908
745333.593032,-2149794.57541,1857746.05331
746394.566494,-2152711.96287,1859485.42712
747377.966522,-2156004.18315,1861380.39584
748225.64403,-2158994.40656,1863157.24071
749009.0654,-2161638.6764,1864837.65326
750236.458617,-2164973.49556,1867392.353
751309.75533,-2167691.7932,1869640.4674
752303.532905,-2170096.27003,1871742.32607
753399.493563,-2172741.97585,1874133.20523
754426.832768,-2175409.32086,1876543.81263
755375.90739,-2178113.89697,1878927.68152
756347.42677,-2181149.55346,1881472.77149
757106.208809,-2183699.44619,1883457.72854
757902.918589,-2186597.57535,1885549.40748
758683.844111,-2189545.55346,1887538.62613
759494.663237,-2192523.83395,1889431.31977
760519.017051,-2195785.96586,1891389.38128
761426.130913,-2198447.56052,1892935.27611
762937.058578,-2202258.40532,1895037.97813
763910.644017,-2204593.36866,1896305.44449
765176.173635,-2207498.53828,1897832.20458
766446.151858,-2210403.15928,1899313.99025
767726.201189,-2213299.67995,1900757.11491
768992.089217,-2216185.50654,1902163.94783
772557.365621,-2225307.00201,1906339.98325
772557.365621,-2225307.00201,1906339.98325
772557.365621,-2225307.00201,1906339.98325
773236.063642,-2227008.52936,1907155.81405
774330.581317,-2229807.25876,1908536.82817
775629.348586,-2233119.20592,1910207.05007
776497.294012,-2235316.28216,1911325.12815
777691.946612,-2238341.12191,1912879.77588
778884.619943,-2241384.58788,1914443.19942
779971.456648,-2244169.76038,1915886.32605
781075.250862,-2246966.92995,1917361.44583
782071.059285,-2249480.08364,1918765.65149
783689.217799,-2253661.03805,1921326.5032
784436.905473,-2255610.89821,1922538.9937
785364.964953,-2258123.25301,1924155.66731
786541.142967,-2261531.97867,1926394.25534
788203.311175,-2266780.06005,1929923.04294
789466.597059,-2270926.10179,1932737.55865
790036.695507,-2272682.72801,1933966.65008
790529.475636,-2274138.02555,1935009.29069
791039.616741,-2275590.98625,1936057.55289
791890.094805,-2277915.99493,1937691.45308
793423.788501,-2283011.41989,1940517.14617
793786.77839,-2284212.11257,1941204.37672
794581.936577,-2286982.33965,1942648.87001
795491.522023,-2290117.17106,1944149.43997
796607.227335,-2293558.83039,1945705.37815
797669.110458,-2296680.43936,1947122.50223
800065.657411,-2303160.85159,1950367.70899
800288.747956,-2303779.26564,1950674.54748
802106.684136,-2307940.00994,1953216.27883
802485.739585,-2308836.48988,1953747.56042
803984.410782,-2312379.9708,1956076.99233
804806.307937,-2314473.35083,1957462.9142
805874.755114,-2317520.55554,1959556.94005
807476.703001,-2322467.11527,1963149.03017
808187.52284,-2324626.37229,1964718.96488
809146.773509,-2327380.29897,1966742.42722
810116.550448,-2330132.45391,1968741.86585
811193.562948,-2333204.04339,1970884.68603
812395.68412,-2336604.57677,1973089.36072
813369.702813,-2339421.52246,1974726.74658
814829.656603,-2343889.58465,1976865.62024
815647.362311,-2346460.6849,1978031.8921
816558.154685,-2349373.96137,1979220.88899
817879.323223,-2353208.35667,1980647.23882
818668.900784,-2355427.21337,1981472.47257
819964.800958,-2358832.46318,1982736.27946
821274.856692,-2362153.34126,1984028.6566
822436.172405,-2365088.31744,1985269.70776
823490.064444,-2367666.00677,1986433.82058
824556.701954,-2370173.98147,1987645.38217
825879.63852,-2373134.60417,1989195.25051
827114.21678,-2375752.89309,1990647.22114
828254.894016,-2378063.77064,1991985.76743
829905.089391,-2381321.20218,1993951.74221
830878.663669,-2383328.80076,1995145.21141
832065.681547,-2385826.14945,1996633.37921
833115.371193,-2388077.59177,1997964.29917
834357.606552,-2390842.681,1999596.94351
835330.966991,-2393115.70821,2000945.33267
836386.051774,-2395640.76576,2002467.71567
837529.026233,-2398404.45129,2004200.11546
838668.114588,-2401142.99206,2006017.28579
839527.556043,-2403106.58074,2007386.2541
840896.800677,-2405976.47317,2009521.97757
842046.626893,-2408335.30249,2011296.87996
843057.282798,-2410456.47337,2012899.44782
844116.588186,-2412866.8874,2014697.6756
845047.904795,-2415071.02063,2016320.23517
846065.549764,-2417568.49272,2018120.64235
847177.655292,-2420362.63165,2020071.47075
848435.207901,-2423780.45976,2022272.48351
849094.332241,-2425634.56482,2023432.41507
851413.482696,-2435388.82995,2028072.69897
851914.239023,-2437371.66438,2029085.40926
852060.686614,-2437936.2681,2029377.43899
852134.664125,-2438218.25761,2029524.13625
852446.742709,-2439338.79165,2030129.80207
853289.999205,-2442087.67249,2031775.75672
854207.040308,-2445083.03098,2033663.08649
854914.549303,-2447536.47005,2035234.30638
855674.305859,-2450550.14194,2037188.87878
856404.279734,-2453603.50936,2039129.63666
856991.531163,-2456117.73156,2040694.93419
857601.954046,-2458948.00851,2042401.69874
858407.517054,-2463293.30059,2044865.62
858775.830523,-2465322.28029,2045986.24889
859197.464919,-2467642.13406,2047226.73933
859847.988402,-2471113.46907,2048993.55162
860287.807629,-2473426.4161,2050140.31031
860920.134383,-2476603.03209,2051606.80777
861507.480485,-2479484.59037,2052881.69797
862101.69748,-2482366.00582,2054111.14922
862662.858646,-2484945.3054,2055214.46461
863606.92126,-2488595.13372,2056846.22507
864764.244685,-2492449.25329,2058660.62365
865353.310144,-2494362.63563,2059585.23223
865931.900244,-2496268.12944,2060549.01398
866854.918517,-2499224.71382,2062142.49891
867541.559004,-2501358.30511,2063323.21577
868430.781907,-2503998.39931,2064848.73908
869418.421579,-2506886.23306,2066535.09548
870237.389824,-2509252.17921,2067900.42123
871261.774452,-2512164.8836,2069534.43719
872099.54636,-2514573.45258,2070844.91969
873096.38499,-2517571.95575,2072435.95682
874366.814181,-2521467.04695,2074461.18538
874924.074815,-2523135.9823,2075331.99341
875785.273936,-2525649.49912,2076634.36826
876860.95913,-2528703.4426,2078187.51253
877763.500766,-2531180.6236,2079451.49461
878887.793186,-2534170.92125,2080985.22939
879930.20618,-2536849.43342,2082377.56654
880871.622732,-2539233.75541,2083617.81304
882207.403563,-2542658.22683,2085377.73551
883012.947417,-2544774.17703,2086448.87636
884564.096035,-2548983.46152,2088537.9249
885153.727347,-2550555.18967,2089322.56268
885960.771418,-2552634.13418,2090377.28493
886908.648518,-2554957.73731,2091571.01282
888059.016094,-2557517.23884,2092884.66252
889341.997638,-2560355.87349,2094274.01823
890471.102872,-2562975.18221,2095480.28748
891526.910329,-2565629.18585,2096617.22848
893486.009966,-2572257.46111,2098993.70762
894078.855029,-2574179.77235,2099712.26944
894331.21415,-2575004.52097,2100023.26149
894862.162986,-2576953.75064,2100771.79511
895358.29808,-2578916.94822,2101526.20569
896019.468682,-2581758.62034,2102600.23585
896707.645875,-2584914.78844,2103761.11727
897334.267626,-2588119.76492,2104892.03251
897837.069548,-2590766.49534,2105816.11941
898477.292867,-2594024.85352,2106968.75584
899053.696699,-2596691.22335,2107939.06494
900047.399729,-2600181.5263,2109386.88232
900958.730088,-2603050.53461,2110717.18344
901725.256388,-2605321.66373,2111870.34421
902745.117927,-2608103.89464,2113473.21695
903810.125699,-2610841.73739,2115236.16464
904902.822874,-2613565.90474,2117091.54649
906127.055025,-2616572.47629,2119177.651
907133.162845,-2619060.35538,2120861.51825
908660.607437,-2623401.83166,2123381.22456
909596.951268,-2626365.52418,2124976.15108
910211.906977,-2628475.97834,2126040.99119
910916.702174,-2631259.64931,2127294.94504
911611.426197,-2634767.68112,2128652.18998
912129.350503,-2637678.88631,2129704.95231
912624.486424,-2640618.41659,2130715.47476
913157.746393,-2643912.89326,2131843.3239
913750.233686,-2647574.49316,2133093.52615
914251.430389,-2650587.74223,2134123.90269
914956.715058,-2654633.92223,2135513.36718
916137.432756,-2661128.78116,2137828.51118
916385.56281,-2662492.26298,2138317.26428
916766.763954,-2664541.36521,2139080.53624
917425.269255,-2667950.19488,2140473.39951
918077.610882,-2670980.76205,2141849.34108
918970.674943,-2674642.10104,2143681.44032
919764.594475,-2677621.49091,2145223.60076
920818.272023,-2681258.50298,2147153.01165
921669.834977,-2684300.37034,2148657.48855
922720.378781,-2688106.84934,2150379.95947
923576.556624,-2691269.72209,2151710.44274
924886.235419,-2696342.92417,2153554.634
925557.261854,-2698882.06289,2154463.26514
926446.215804,-2702170.45069,2155592.73376
927462.660328,-2705840.0921,2156824.84598
928610.62487,-2709876.79883,2158199.24105
929572.786782,-2713177.84424,2159328.89247
930787.540885,-2717189.86819,2160711.25206
931899.380789,-2720825.82093,2161971.66618
934834.789333,-2729905.25728,2165164.78843
935672.730164,-2732438.70599,2166055.75917
935791.870176,-2732800.81588,2166183.1523
936529.176983,-2734967.99936,2166956.18073
937621.272377,-2738234.96599,2168126.50276
938899.130606,-2742250.76648,2169563.37216
939869.937992,-2745563.37625,2170736.74564
940828.440813,-2749283.82452,2172053.88672
941845.692002,-2754581.91758,2173949.17014
942325.338291,-2757231.38582,2174903.2417
942913.278962,-2761030.75885,2176302.00541
943497.914788,-2764831.98309,2177732.53748
944333.372924,-2769372.64422,2179493.88641
945047.344608,-2773156.42763,2180955.10217
945625.46932,-2776205.81306,2182106.91093
946447.620425,-2780891.69247,2183683.72894
946963.842584,-2784061.34413,2184684.45259
947548.494253,-2788115.20331,2185854.82817
948168.892415,-2793096.53485,2187165.27951
948533.719154,-2796429.93727,2188045.19028
948973.179919,-2800623.99006,2189156.47295
949617.585311,-2806077.48431,2190650.61554
950053.123574,-2809413.56402,2191574.97055
950697.636144,-2813532.89577,2192772.89428
951533.782254,-2818456.25534,2194225.57198
952100.137385,-2821752.65825,2195179.52499
952806.20585,-2825897.7404,2196326.0837
953382.588683,-2829659.88571,2197345.6889
954008.6246,-2834300.32274,2198605.44007
954587.518324,-2838947.13794,2199877.53043
955067.605008,-2843125.60439,2201074.33171
955515.11717,-2846832.94412,2202169.68185
956119.117968,-2850844.46536,2203411.95049
956938.582176,-2854725.56894,2204677.182
958177.760234,-2860294.7497,2206680.33986
958603.619728,-2862536.23122,2207483.01595
959069.892211,-2865864.9823,2208712.03837
959405.406685,-2869152.15192,2209958.74763
959620.068326,-2873026.79331,2211537.32039
959729.778769,-2876128.02809,2212853.83729
959861.199768,-2879764.37524,2214501.05567
960074.403513,-2883254.24619,2216139.50972
960421.45218,-2885999.5322,2217412.82538
960949.286096,-2888894.27622,2218785.46836
961906.637565,-2893175.24314,2220940.47143
962233.444241,-2894785.61369,2221761.96483
962638.121851,-2896861.49099,2222899.2604
963082.704025,-2899108.3691,2224225.17117
963596.852943,-2901708.13141,2225943.88433
964008.308249,-2903756.44526,2227423.58549
964567.960393,-2906065.19987,2229381.92655
966188.921637,-2909896.88576,2233577.45587
966407.798516,-2910444.86791,2234127.68996
966853.98496,-2911330.84229,2234996.65095
967627.398573,-2912744.26843,2236281.1692
968556.684115,-2914571.51663,2237709.7778
969518.433448,-2916663.29279,2239005.32455
970282.765419,-2918404.83217,2239901.53942
971171.540171,-2920541.08115,2240793.12978
971984.576808,-2922664.03421,2241584.25856
972605.92413,-2924375.09293,2242219.82034
973309.372074,-2926180.49097,2243003.93674
974228.216517,-2928226.13466,2244062.502
975100.580649,-2929880.935,2245044.1095
976541.725566,-2932079.28434,2246606.41755
977027.835393,-2932882.40497,2247172.15775
977950.761818,-2934528.80704,2248407.51674
978742.033629,-2936054.94203,2249570.78201
979730.118869,-2938200.95098,2251133.84622
980386.323454,-2939664.48229,2252170.33488
981268.896492,-2941790.64141,2253589.34646
982202.412992,-2944230.47996,2255171.76713
982815.71549,-2945891.77939,2256250.99572
983760.283398,-2948475.35486,2257899.40355
984702.783905,-2950843.33833,2259397.88611
985330.809414,-2952335.43726,2260340.91344
986304.531553,-2954648.39704,2261878.81651
987074.22992,-2956534.35995,2263198.80973
987907.694999,-2958638.34871,2264772.99136
988658.31033,-2960534.67957,2266255.52295
989620.323255,-2962864.90713,2268056.76712
990515.326875,-2965000.92065,2269709.38995
991447.512022,-2967157.46989,2271370.23733
992411.357757,-2969340.79063,2273025.02281
993841.575057,-2972786.74384,2275615.0979
994325.312255,-2973930.33314,2276470.6058
995324.344439,-2976270.52823,2278185.13326
996240.016563,-2978410.02145,2279710.83495
997424.013528,-2981119.07964,2281549.46891
998685.233124,-2983925.13296,2283368.79875
999651.177805,-2986002.88711,2284691.65426
1000925.6572,-2988700.79527,2286360.73081
1002375.21025,-2991774.366,2288190.23187
1003730.91556,-2994637.27343,2289827.43087
1005849.24189,-2999091.81319,2292235.75067
1006680.23045,-3000873.7086,2293203.12615
1007752.84007,-3003286.13306,2294486.78898
1009008.65485,-3006340.62051,2296095.06608
1010296.64093,-3009708.57582,2297900.55146
1011597.65118,-3012965.31923,2299795.3874
1012801.70918,-3015858.70362,2301597.99411
1016427.0624,-3023941.75367,2308054.73564
1016899.56467,-3025045.28123,2308880.76925
1017505.03481,-3026743.58248,2310119.15978
1017608.98871,-3027025.81274,2310324.54376
1018157.3426,-3028762.83489,2311516.27039
1019005.86324,-3031699.73934,2313414.50572
1020096.62499,-3034841.72232,2315517.75584
1021224.3082,-3037625.80956,2317444.77693
1022349.16822,-3040069.82675,2319224.43049
1024001.8225,-3043140.41135,2321772.82874
1025253.64706,-3045388.49671,2323766.27513
1026667.29601,-3047802.42728,2326091.00002
1028254.01175,-3050371.25331,2328753.1925
1029922.15441,-3052872.70394,2331389.9792
1031146.41672,-3054691.64436,2333267.27395
1032670.11412,-3056975.86934,2335513.70093
1034152.6634,-3059297.62671,2337625.29287
1035660.18102,-3062000.5013,2339680.00999
1036854.6985,-3064280.74147,2341220.98308
1038153.17811,-3066914.06266,2342732.25312
1039448.01791,-3069624.96805,2344053.60047
1041104.66882,-3073254.0772,2345435.3992
1042502.80345,-3076346.06057,2346491.84992
1043403.35601,-3078305.30622,2347151.66669
1044725.39953,-3081083.15815,2348083.5854
1046265.84874,-3084069.33387,2349199.39737
1047412.44739,-3086219.23619,2350038.53927
1049382.44174,-3089626.16086,2351522.92176
1050464.32741,-3091445.3925,2352354.06185
1052058.71326,-3093997.22016,2353607.33638
1053825.64773,-3096791.00425,2355029.67995
1055251.75958,-3099094.21611,2356200.89434
1057374.12982,-3102759.58444,2357946.4211
1058425.202,-3104599.65491,2358809.81572
1059751.61261,-3106991.45633,2359895.84938
1061209.77125,-3109674.27375,2361073.32926
1062817.07718,-3112670.68161,2362307.60237
1064287.12229,-3115418.24902,2363386.33444
1065612.46974,-3117916.68984,2364339.67548
1067091.17723,-3120721.997,2365386.17886
1068591.86092,-3123568.22998,2366439.79203
1070575.00429,-3127342.51739,2367813.6929
1072276.64203,-3130582.76733,2368968.88071
1073207.64123,-3132353.93906,2369587.86823
1074936.62381,-3135602.21593,2370686.05199
1076711.97519,-3138789.19946,2371760.86188
1078025.70043,-3141072.36141,2372554.78265
1080195.77141,-3144626.59229,2373995.2931
1081534.35388,-3146768.03665,2374918.69817
1083367.8299,-3149578.97935,2376281.04861
1084830.58653,-3151830.00566,2377447.80676
1089280.39213,-3158682.56349,2382046.4524
1090921.6283,-3161238.25549,2383709.69305
1091071.71615,-3161472.17643,2383858.79902
1091221.65967,-3161706.42517,2384007.44135
1091990.61902,-3162896.5627,2384720.03333
1093627.60701,-3165326.20827,2386056.76147
1095538.46825,-3168005.72705,2387441.96042
1097126.70878,-3170189.13017,2388539.58653
1098885.04906,-3172522.69633,2389770.04433
1100993.75703,-3175190.35211,2391284.95156
1102577.40491,-3177124.56994,2392441.56569
1104554.74515,-3179267.91259,2393968.05667
1106552.26268,-3181241.65836,2395588.78867
1108366.7846,-3182929.79966,2397129.17799
1109813.27443,-3184240.23575,2398397.57817
1111997.694,-3186159.38903,2400334.9318
1113643.32927,-3187614.04146,2401785.56529
1115488.73207,-3189267.06898,2403385.59679
1117163.37162,-3190803.8507,2404815.93642
1119248.18396,-3192835.87941,2406561.92848
1121546.39668,-3195208.6079,2408467.53059
1123263.29631,-3197058.34909,2409890.81926
1125347.72647,-3199454.03706,2411601.77484
1126859.18956,-3201260.11792,2412798.54523
1128726.14256,-3203624.51201,2414234.78145
1130381.69484,-3205802.62056,2415484.65329
1132339.33215,-3208536.03678,2416943.77279
1134005.66847,-3210998.40861,2418268.03523
1135421.2963,-3213199.71077,2419477.83336
1136905.40493,-3215605.13295,2420856.07382
1138512.24468,-3218107.37878,2422502.96758
1139958.69899,-3220297.22025,2424101.2975
1141688.04826,-3222781.64799,2426187.8575
1142856.50308,-3224391.83967,2427627.48989
1144350.23436,-3226346.9688,2429531.31039
1145721.66721,-3228106.09318,2431262.80346
1147435.0442,-3230272.22578,2433373.44377
1149153.60126,-3232486.24204,2435445.91006
1150386.98472,-3234168.59951,2436876.09148
1152222.82173,-3236879.2675,2438853.27525
1153449.23297,-3238736.0612,2440121.2714
1155121.07158,-3241414.6831,2441751.49775
1156962.35293,-3244431.19748,2443435.48871
1158361.51523,-3246713.77243,2444683.95158
1159618.94417,-3248767.08378,2445789.31434
1161189.01145,-3251384.77237,2447148.66349
1162839.41149,-3254265.11294,2448607.43449
1164138.57616,-3256605.31943,2449821.9352
1165642.38494,-3259413.71588,2451347.34012
1167130.93391,-3262133.56191,2453040.79296
1168333.98374,-3264311.19421,2454503.24318
1171618.734,-3269875.27801,2459778.59085
1172777.72462,-3271802.05228,2461617.14972
1173300.15394,-3272656.93941,2462440.15948
1173430.87826,-3272870.64529,2462644.75659
1174523.96211,-3274497.37328,2464344.37306
1175912.8626,-3276458.86401,2466538.77414
1177334.41537,-3278539.11765,2469038.96664
1178563.3087,-3280391.82501,2471329.14511
1179744.06325,-3282221.55223,2473596.37775
1181029.11038,-3284244.56225,2476023.44633
1182218.87649,-3286191.42848,2478148.96845
1183329.91137,-3288009.21416,2479989.30769
1184849.87027,-3290576.04419,2482312.45315
1185974.36823,-3292572.87958,2484005.55282
1187016.45239,-3294650.05569,2485546.16372
1188458.34296,-3297843.16849,2487749.57873
1189234.3995,-3299582.99566,2488920.67208
1190224.69728,-3302114.22218,2490569.08839
1191160.16695,-3304648.01019,2492192.477
1192091.61365,-3307159.33076,2493806.95242
1193158.25315,-3309893.06648,2495604.50226
1194856.16659,-3313796.57844,2498359.12865
1195602.42537,-3315491.88995,2499559.71556
1196482.6513,-3317392.62269,2500945.18798
1197509.88866,-3319486.4303,2502536.00243
1198964.22791,-3322201.05959,2504694.12957
1199940.01534,-3323985.82745,2506138.69405
1201250.87013,-3326404.32715,2508135.55245
1202171.71596,-3328163.84737,2509571.35409
1203315.22504,-3330352.10745,2511321.71391
1204668.62456,-3332988.62163,2513375.10506
1205568.63696,-3334748.29114,2514727.03792
1207027.57525,-3337587.00475,2516852.55802
1207920.1716,-3339321.73031,2518149.69467
1208905.0583,-3341268.6096,2519579.28167
1210060.99311,-3343649.41155,2521295.97695
1211214.09599,-3345995.39897,2523061.60451
1212057.61347,-3347687.73906,2524382.59303
1213143.87748,-3349757.96382,2526091.97379
1214273.6707,-3351796.96971,2527845.27396
1215762.77845,-3354204.96279,2530056.14227
1217192.96899,-3356401.93508,2532164.15369
1218369.42855,-3358189.23983,2533938.78364
1219411.41242,-3359749.87139,2535550.82961
1220686.56791,-3361683.17505,2537627.93108
1222049.58284,-3363852.11142,2539978.81106
1223395.49187,-3366072.96087,2542379.53774
1224363.16894,-3367700.09583,2544121.30181
1225612.26058,-3369964.52548,2546511.99762
1226666.0498,-3372034.95069,2548712.86373
1228898.59521,-3379307.59867,2556731.9431
1229521.17136,-3381238.30095,2558850.31453
1229730.05709,-3381880.40651,2559559.24697
1229936.95514,-3382521.86218,2560272.69347
1230006.32358,-3382735.64804,2560510.3961
1230578.60826,-3384443.18177,2562440.66955
1231376.97987,-3386598.19667,2564854.76882
1232353.83465,-3388978.99101,2567504.7628
1233429.67723,-3391366.51151,2570121.19714
1234328.84387,-3393347.43124,2572227.92801
1235533.04293,-3396042.04836,2574991.37508
1236310.56136,-3397864.32669,2576821.36664
1237640.28143,-3401447.8864,2580183.87785
1238256.52195,-3403130.56086,2581735.12518
1238953.08671,-3405078.8745,2583492.40636
1240051.1519,-3408029.29272,2586102.55625
1240836.18836,-3409991.63828,2587850.62804
1242069.83219,-3411584.31081,2591086.57916
1243554.12938,-3413232.95822,2593999.12991
1245477.98635,-3415767.22917,2596639.16986
1247912.10761,-3419063.64328,2599808.82924
1250251.87248,-3422297.90828,2603184.02892
1251958.62017,-3424932.5986,2605841.41715
1253110.89677,-3427006.09046,2607836.58843
1254143.07987,-3429309.89668,2609704.1853
1255134.10561,-3432644.63779,2611758.27402
1255611.84131,-3434450.08,2612827.27289
1256089.90177,-3436993.45196,2614145.29317
1256567.09365,-3439607.47046,2615512.07722
1257116.08109,-3441590.53841,2616706.22412
1258173.52719,-3443709.19719,2618392.61403
1259428.12974,-3445434.58238,2620219.49273
1260850.94206,-3447854.34642,2622853.6813
1261838.6803,-3449774.02194,2624868.75001
1262786.51941,-3451710.7836,2626823.75305
1264081.89122,-3454264.44262,2629156.09878
1264937.35633,-3456012.10071,2630595.10898
1265958.38925,-3458286.56111,2632282.29562
1266986.56365,-3460615.32383,2633946.27331
1267923.36199,-3462728.78551,2635447.80714
1269208.83626,-3465511.06919,2637685.30932
1270106.47932,-3467329.25381,2639250.49044
1271591.87673,-3469939.76232,2641787.21907
1272840.71098,-3472086.36418,2643980.02338
1273843.33847,-3473814.46165,2645730.99022
1275433.88423,-3476685.41536,2648524.62176
1276396.64109,-3478466.75405,2650217.11213
1277736.2654,-3480909.47765,2652436.94411
1278724.82284,-3482653.1867,2653940.95632
1280099.23727,-3485081.59361,2655274.44382
1281459.04644,-3487649.75179,2657069.51086
1284082.65759,-3492291.8029,2660826.30634
1284445.88332,-3492936.23946,2661334.89681
1284803.41723,-3493581.40585,2661845.26555
1285796.9352,-3495518.88474,2663407.63956
1287106.87062,-3498087.78242,2665592.50373
1287977.60017,-3499804.37334,2667078.03046
1289099.0119,-3501951.96112,2668790.11603
1290450.18376,-3504644.90638,2670805.94398
1291473.34148,-3506679.58144,2672305.91717
1292734.78231,-3509191.44443,2674102.89939
1293762.84467,-3511259.77376,2675549.75948
1295252.37768,-3514483.18655,2677441.58049
1295894.85326,-3515864.72642,2678222.27126
1296929.19559,-3518176.52416,2679375.21353
1298050.93629,-3520757.96442,2680691.70756
1299238.51277,-3523473.22316,2682307.4602
1300160.73275,-3525493.81791,2683685.27711
1301706.23372,-3528130.24144,2684174.28713
1302909.89168,-3530343.64662,2684902.57976
1304637.94954,-3533733.12099,2686415.22429
1305550.47012,-3535577.4637,2687255.61759
1308219.90423,-3541939.45994,2690876.79853
1308459.92695,-3542483.4655,2691169.0952
1309040.76486,-3543852.45063,2691922.54214
1310301.20385,-3546879.15622,2693677.48831
1311489.309,-3549628.35982,2695314.97813
1312670.65204,-3552388.81931,2696982.97905
1313767.83459,-3554855.32172,2698508.46452
1315032.77291,-3557556.15205,2700226.5866
1316528.77754,-3560811.33934,2702308.9358
1317539.57006,-3562983.16563,2703701.22813
1318932.85181,-3565977.28573,2705632.50573
1320351.55364,-3568962.74224,2707578.40797
1321392.93245,-3571131.44385,2708997.60183
1322817.24276,-3574117.56381,2710961.62844
1324075.29499,-3576845.69572,2712747.42033
1325168.67983,-3579318.98285,2714355.59532
1326453.22423,-3582364.95625,2716327.35767
1327487.11709,-3584862.76546,2717946.25245
1329045.52926,-3588773.17362,2720421.27103
1329956.91605,-3590998.21676,2721844.55411
1330891.77117,-3593212.15624,2723277.36254
1332253.44543,-3596548.64129,2725384.9968
1333251.49768,-3599061.2775,2726973.30318
1334392.00906,-3602160.31103,2728968.95922
1335344.83385,-3604692.50365,2730627.99786
1336401.40516,-3607508.40168,2732478.22748
1337331.34917,-3610047.05132,2733978.8792
1338391.14164,-3612797.72732,2735457.97843
1343025.14573,-3623038.61731,2744636.45701
1344535.27091,-3626338.96266,2747397.72098
1344783.51676,-3626890.20829,2747854.83553
1346010.88239,-3629661.79518,2750175.44043
1347061.21769,-3632159.64704,2751994.43906
1347179.92725,-3632437.09581,2752206.04108
1347298.88465,-3632714.46797,2752418.79061
1348404.40182,-3635203.79461,2754430.44217
1349380.62072,-3637420.78236,2756233.14988
1350575.54604,-3640194.97031,2758402.78739
1351739.89463,-3642970.95738,2760439.67734
1352882.84639,-3645751.8314,2762388.37369
1354177.92033,-3648806.0064,2764695.4535
1355386.14902,-3651574.69641,2766875.53451
1356613.5167,-3654339.36097,2769102.06069
1358166.62123,-3657936.79629,2771884.63475
1358992.96042,-3659876.14931,2773342.97381
1360264.0348,-3662931.27394,2775522.34031
1361307.74407,-3665431.37132,2777332.81861
1362626.01708,-3668480.94651,2779691.39088
1363841.15043,-3671249.22049,2781875.81656
1364939.23972,-3673736.86917,2783869.78582
1366143.31457,-3676506.7423,2786045.56977
1367548.37037,-3679836.75307,2788492.42709
1368835.39183,-3682890.68864,2790736.22741
1369773.93885,-3685110.20796,2792384.47247
1370845.00465,-3687603.98561,2794302.63644
1372171.33068,-3690647.85932,2796701.29762
1373244.00973,-3693143.38094,2798632.95947
1374427.48507,-3695914.95035,2800733.57848
1375942.60898,-3699525.84818,2803390.28959
1376763.16933,-3701468.90288,2804830.46734
1378296.12713,-3705079.6812,2807539.6049
1379251.38619,-3707298.24973,2809252.35064
1380338.52274,-3709793.17707,2811205.64347
1381643.57499,-3712846.45987,2813520.65074
1382822.93009,-3715623.27505,2815594.48928
1383879.22398,-3718124.04857,2817446.45748
1385170.317,-3721179.54147,2819705.54032
1386349.68179,-3723956.0805,2821785.67232
1387548.42448,-3726728.60749,2823928.72418
1388632.70655,-3729222.34532,2825871.62696
1390173.92656,-3732828.78188,2828587.76417
1391117.53572,-3735047.6848,2830249.11672
1392174.41634,-3737544.05981,2832105.82247
1393707.08161,-3741152.08306,2834802.68384
1394659.30317,-3743371.15239,2836493.62013
1395982.79181,-3746421.53478,2838859.60551
1397057.48578,-3748920.7097,2840772.82312
1398126.07652,-3751420.3909,2842658.38964
1399538.92004,-3754758.10768,2845141.37818
1400598.32195,-3757258.76977,2847003.10046
1401895.5503,-3760316.92866,2849288.83805
1403205.65301,-3763370.12436,2851624.44768
1404622.72423,-3766699.86945,2854138.28157
1405212.88326,-3768087.55055,2855182.26472
1406273.49269,-3770587.07378,2857050.33511
1407450.42769,-3773365.33894,2859125.09836
1408633.12312,-3776142.06511,2861223.39103
1409826.17297,-3778914.87859,2863355.83021
1411253.62108,-3782244.02724,2865909.40656
1412319.67084,-3784739.97275,2867801.68923
1414094.27724,-3788903.55786,2870916.80981
1414685.91452,-3790291.34895,2871958.30236
1415872.75426,-3793068.79586,2874053.54318
1417304.40344,-3796398.31138,2876587.41908
1418254.85559,-3798619.11278,2878265.13888
1419556.80182,-3801673.29103,2880555.69997
1420620.49106,-3804173.31232,2882425.69079
1421792.387,-3806948.51406,2884441.38738
1423013.58765,-3810100.09839,2886697.12126
1424048.7583,-3812619.73916,2888627.50236
1425555.68766,-3816267.61993,2891447.39558
1426377.1477,-3818229.23887,2892993.3478
1431012.70745,-3827317.8754,2898550.6439
1431142.97632,-3827589.25941,2898731.27357
1431402.59895,-3828132.5166,2899096.26063
1431662.72329,-3828675.72584,2899463.73058
1432963.13345,-3831394.97144,2901352.57237
1434872.75598,-3835488.44848,2904125.75994
