1427647993712, -0.3805064, -1.0402989, -0.81389475
1427647993721, -0.31206656, -0.95482206, -0.06884575
1427647993732, -0.33392918, -0.9707165, 0.6344538
1427647993742, -0.5199711, -1.282229, 1.6491194
1427647993751, -0.42363828, -1.0870748, 1.549139
1427647993761, -0.3465721, -0.9845817, 1.438509
1427647993771, -0.45347095, -1.0328317, 1.2733898
1427647993782, -0.7305261, -1.3472435, 0.7505617
1427647993791, -0.6840197, -1.2310238, 0.24802208
1427647993802, -0.6468146, -1.0920792, -0.2995758
1427647993812, -0.6553577, -1.3946416, -0.40055084
1427647993822, -0.09524524, -0.89353144, -0.4660082
1427647993833, -0.014904559, -0.73014796, 0.117526054
1427647993864, 0.2638884, -0.69904006, 0.048051834
1427647993868, 0.30304807, -0.9729501, 0.6207113
1427647993875, 0.2577614, -0.9162661, 0.74173546
1427647993877, 0.17556334, -0.8785804, 0.715971
1427647993882, 0.1174663, -0.81012464, 0.5880995
1427647993890, 0.017358601, -0.7783443, 0.25595856
1427647993900, -0.047404647, -0.6226754, 0.18178272
1427647993910, -0.09921533, -0.5287862, 0.22204113
1427647993921, -0.0563879, -0.46899766, 0.03972721
1427647993932, -0.014464557, -0.40584388, -0.30532265
1427647993941, -0.042217433, -0.339998, -0.31321144
1427647993952, -0.026112497, -0.26433694, -0.3348446
1427647993963, -0.059197247, -0.26509967, -0.3598137
1427647993972, -0.10098791, -0.31934, -0.4027729
1427647993983, -0.10377461, -0.37039366, -0.3222189
1427647993991, 0.0012561679, -0.40357518, -0.1888218
1427647994007, 0.1772182, -0.5756879, -0.08976555
1427647994012, 0.12645164, -0.62144065, -0.0181818
1427647994022, 0.12414563, -0.64272, 0.031422615
1427647994032, 0.12230083, -0.62143624, 0.10175228
1427647994041, 0.09784067, -0.58142495, 0.13503265
1427647994054, 0.17020988, -0.5494158, 0.13867188
1427647994061, 0.13616791, -0.46251702, 0.20287514
1427647994072, 0.116595775, -0.39299798, 0.24657536
1427647994084, 0.13158387, -0.35270572, 0.51904106
1427647994092, 0.12825143, -0.34345603, 0.6603985
1427647994106, 0.12558548, -0.328395, 0.6125946
1427647994112, 0.26135874, -0.21674716, 0.35216904
1427647994121, 0.42360747, -0.06613755, 0.105522156
1427647994134, 0.2929173, -0.060571432, -0.13010311
1427647994141, 0.20368807, 0.0051728487, -0.3492489
1427647994151, 0.15528901, 0.103737, -0.509243
1427647994162, 0.10124687, 0.2668643, -1.0049868
1427647994171, 0.012044489, 0.32075173, -1.0185099
1427647994182, -0.036333077, 0.40216887, -0.94505215
1427647994192, -0.10568092, 0.39834958, -0.80201054
1427647994206, -0.329711, 0.4565857, -0.46539497
1427647994213, -0.33272183, 0.44954446, -0.24973297
1427647994222, -0.3198076, 0.36729705, 0.0070734024
1427647994234, -0.2864918, 0.25553042, 0.5113144
1427647994241, -0.21387058, 0.15845567, 0.52397346
1427647994253, -0.18641937, 0.050150037, 0.60305405
1427647994261, -0.1338126, -0.013510108, 0.5360737
1427647994276, -0.10705009, -0.01080811, 0.18369198
1427647994283, -0.06265572, -0.0009849668, -0.021597862
1427647994292, -0.050124586, 0.029857755, -0.15518475
1427647994307, 0.0058689713, 0.08517778, -0.19310093
1427647994314, 0.08897108, 0.2596784, -0.3077097
1427647994321, 0.07883832, 0.2537114, -0.34576607
1427647994335, 0.055409193, 0.22595344, -0.2842741
1427647994342, 0.08263457, 0.19608563, -0.07419014
1427647994365, 0.043123305, 0.15686849, 0.06323147
1427647994368, 0.0038528442, 0.1101719, -0.056674957
1427647994372, -0.035224944, 0.080476075, -0.22921467
1427647994380, -0.028179944, 0.07204233, -0.22167873
1427647994390, 0.061731964, 0.13424832, -0.108389854
1427647994402, 0.01873979, 0.09973722, -0.09437275
1427647994410, -0.015653938, 0.049144, -0.10614395
1427647994420, -0.050830364, 0.031653747, -0.11556053
1427647994433, -0.06364864, 0.032984436, 0.091425896
1427647994441, -0.050918907, 0.034049004, 0.21870804
1427647994451, -0.0177508, 0.034900635, 0.32819557
1427647994463, -0.02186212, 0.027920514, 0.66861343
1427647994473, -0.08644271, 0.0146749765, 0.6038437
1427647994482, -0.13810715, 0.004078537, 0.5520277
1427647994495, -0.2100845, 0.0032628179, 0.4492836
1427647994502, -0.25234354, 0.15583917, 0.4666872
1427647994513, -0.23252064, 0.15531711, 0.22012043
1427647994521, -0.17835498, 0.11659225, -0.046085358
1427647994534, -0.15800685, 0.08561236, -0.21308136
1427647994541, -0.10342109, 0.106797114, -0.6224899
1427647994554, -0.013783872, 0.13906781, -0.5592842
1427647994562, 0.011957288, 0.15722293, -0.42444324
1427647994573, 0.032550156, 0.14876267, -0.37786198
1427647994582, 0.07967025, 0.21094748, -0.20269108
1427647994593, 0.048413336, 0.20706522, -0.123846054
1427647994601, 0.023407757, 0.26525098, 0.41423988
1427647994612, -0.1574871, 0.29647672, 0.58421993
1427647994621, -0.148974, 0.3137958, 0.3984232
1427647994632, -0.065549135, 0.41192698, 0.31107712
1427647994642, -0.16736096, 0.32188016, 0.52467346
1427647994651, -0.6242213, -0.13322958, 0.08263588
1427647994661, -0.5759915, -0.19852105, -0.1254282
1427647994672, -0.43780887, -0.08986384, -0.29953957
1427647994682, -0.25064838, 0.07367641, -0.4694748
1427647994693, -0.016644001, 0.3194303, -0.7050228
1427647994702, 0.009669185, 0.3398201, -0.4644184
1427647994712, 0.015396714, 0.31016338, -0.29491997
1427647994721, 0.027640224, 0.3017608, -0.22061348
1427647994732, 0.09872663, 0.3563304, -0.00027751923
1427647994741, 0.14027286, 0.40764737, 0.4518032
1427647994752, 0.14286399, 0.36442506, 0.4380579
1427647994762, 0.12195265, 0.32218575, 0.32746124
1427647994771, 0.06691635, 0.26541018, 0.26196957
1427647994782, -0.023081422, 0.25063527, 0.35514355
1427647994797, -0.11806393, 0.27712262, 0.35306835
1427647994802, -0.09445119, 0.2676667, 0.15220928
1427647994812, -0.029592276, 0.38268518, -0.1540451
1427647994822, 0.014633417, 0.42873144, -0.24581909
1427647994832, 0.034690976, 0.4962139, -0.5490818
1427647994842, 0.16565883, 0.80302787, -0.8606453
1427647994853, 0.094219804, 0.7650056, -0.88771343
1427647994874, 0.09069872, 0.7269263, -0.8557377
1427647994877, 0.049574614, 0.6428325, -0.7841892
1427647994882, -0.006308913, 0.58321905, -0.60436726
1427647994892, -0.005047202, 0.5125439, -0.42986393
1427647994900, -0.019360662, 0.4866495, -0.2596159
1427647994911, -0.046134353, 0.46593404, -0.1464014
1427647994920, -0.0062617064, 0.51065326, 0.10506058
1427647994931, 0.056282163, 0.43916845, 0.0534029
1427647994944, 0.10631728, 0.38198066, 0.019738197
1427647994951, 0.054407954, 0.28260016, 0.015789986
1427647994961, 0.08949506, 0.23374152, 0.04327774
1427647994972, 0.11756474, 0.23296213, 0.08825207
1427647994982, 0.15534341, 0.27064538, 0.16253853
1427647994993, 0.16258198, 0.23950052, 0.20664501
1427647995001, 0.25264865, 0.22224617, 0.14233112
1427647995011, 0.2940563, 0.16247392, 0.044911385
1427647995021, 0.28121376, 0.12997913, -0.063669205
1427647995032, 0.3015855, 0.103983164, -0.23480988
1427647995041, 0.25659126, 0.075525045, -0.25680065
1427647995051, 0.22825733, 0.098727226, -0.28971672
1427647995065, 0.2515589, 0.17858052, -0.33137226
1427647995071, 0.2472158, 0.17351007, -0.24211311
1427647995088, 0.16712688, 0.115823746, -0.109415054
1427647995093, 0.1490244, 0.03902912, -0.010917664
1427647995102, 0.18817252, 0.015900135, 0.09086418
1427647995113, 0.1658609, -0.01792574, 0.3638258
1427647995122, 0.08672005, -0.029663563, 0.47493553
1427647995134, 0.031068817, -0.04671526, 0.456563
1427647995141, -0.02111362, -0.03737235, 0.43420315
1427647995152, -0.1547969, -0.022236347, 0.34736252
1427647995161, -0.200452, -0.0024662018, 0.2778902
1427647995171, -0.17568448, 0.005688429, 0.19932747
1427647995188, -0.14820904, 0.073503494, 0.05986309
1427647995195, -0.13389015, 0.10477114, -0.021062851
1427647995201, -0.25267953, 0.35962915, -0.047495842
1427647995213, -0.37835687, 0.11149025, -0.191226
1427647995221, 0.13401687, 0.11217642, -0.5360527
1427647995234, -0.03835398, 0.08974123, -0.45948792
1427647995242, -0.12262058, -0.043128967, -0.3446064
1427647995251, -0.044466317, -0.019180298, -0.3139925
1427647995261, 0.018057048, -2.0980835e-05, -0.06731987
1427647995271, 0.029768527, -0.030663013, 0.13001919
1427647995292, 0.023814797, -0.078160286, 0.24958324
1427647995296, 0.034374774, -0.08551264, 0.2992649
1427647995302, 0.12709862, -0.13736296, 0.33135033
1427647995313, 0.17829332, -0.10222912, 0.24209595
1427647995321, 0.18860334, -0.120090485, 0.124723434
1427647995332, 0.2045128, -0.14970255, -0.015142441
1427647995342, 0.25554758, -0.12742352, -0.18832684
1427647995352, 0.21976095, -0.063631535, -0.42647362
1427647995376, 0.08387141, -0.10453534, -0.4254551
1427647995383, 0.059435666, -0.05298233, -0.2101202
1427647995392, -0.013743013, -0.05770874, -0.18341923
1427647995393, 0.027312815, -0.046166897, -0.100767136
1427647995400, 0.029511705, -0.052256346, -0.019322395
1427647995410, 0.008286476, -0.0877738, 0.09946346
1427647995421, 0.021952078, -0.093203306, 0.094893456
1427647995431, 0.01756166, -0.12819266, 0.11422157
1427647995441, 0.021710783, -0.1868298, 0.07605457
1427647995452, 0.10930596, -0.34100008, 0.14511967
1427647995461, 0.15639777, -0.2957847, 0.07012749
1427647995471, 0.14810255, -0.23662782, 0.0561018
1427647995487, 0.11848204, -0.24293232, 0.1214962
1427647995493, 0.04115552, -0.40886617, 0.41897774
1427647995502, -0.01304426, -0.40370727, 0.5650253
1427647995511, -0.01043541, -0.3536117, 0.71250916
1427647995521, 0.01463601, -0.21393633, 0.7921896
1427647995532, 0.050016038, -0.1175189, 1.0168238
1427647995541, -0.013617285, -0.1016767, 0.9130583
1427647995551, -0.09516974, -0.10432577, 0.73810863
1427647995564, -0.22170326, -0.11410642, 0.7283926
1427647995572, -0.20800838, -0.05297804, 0.4831152
1427647995588, -0.16640669, -0.004075289, 0.24092484
1427647995595, -0.16377112, 0.027385473, -0.021780968
1427647995602, -0.09270969, -0.008737564, -0.6992941
1427647995612, 0.017769575, -0.022313118, -0.8735542
1427647995621, 0.175106, 0.0051338673, -0.9899788
1427647995632, 0.28565228, -0.0035543442, -0.9835186
1427647995642, 0.3281206, 0.0048179626, -0.8940754
1427647995651, 0.23951215, -0.026791334, -0.7305832
1427647995662, 0.17628683, -0.04441738, -0.46188354
1427647995671, 0.0797379, 0.002773285, -0.21627808
1427647995682, -0.08177714, -0.04374981, 0.26368046
1427647995695, -0.096067496, -0.019677162, 0.30288124
1427647995701, -0.15346846, 0.014904022, 0.3035965
1427647995712, -0.18406633, -0.0033996105, 0.3041687
1427647995722, -0.15491453, 0.027926207, 0.1897049
1427647995732, -0.10860872, 0.07597113, 0.02918148
1427647995742, -0.102209866, 0.045453787, -0.091576576
1427647995753, -0.05878356, 0.021040201, -0.17286015
1427647995761, 0.1291864, 0.07812381, -0.18425655
1427647995771, 0.21827081, 0.08548331, -0.14740562
1427647995782, 0.31252268, 0.076048136, -0.087278366
1427647995794, 0.39558563, 0.09914565, -0.03917694
1427647995802, 0.37009862, 0.109962225, -0.016018867
1427647995813, 0.280756, 0.042001247, 0.017831802
1427647995821, 0.109683126, -0.03535199, 0.083218575
1427647995834, -0.13443543, -0.028281689, 0.09722042
1427647995842, -0.51360494, -0.045609713, 0.23866653
1427647995868, -0.5334671, -0.16673255, 0.060688972
1427647995872, -0.38846645, -0.18701601, -0.051047325
1427647995874, -0.24948162, -0.13428998, 0.012792587
1427647995881, -0.05401784, -0.13807774, -0.020411491
1427647995890, 0.07936886, -0.12578535, 0.037301064
1427647995901, -0.01311937, -0.12361264, 0.22137642
1427647995911, -0.24033886, 0.016031742, 0.514204
1427647995920, -0.32251564, 0.05113268, 0.58757687
1427647995934, -0.4648716, 0.12518215, 0.62329006
1427647995941, -0.53278756, 0.2074058, 0.6441994
1427647995951, -0.65607345, 0.25020075, 0.44640636
1427647995961, -0.6014732, 0.18483758, 0.1732502
1427647995972, -0.49650145, 0.14020872, -0.17551899
1427647995982, -0.15969634, 0.18112016, -1.1823721
1427647995991, -0.03581977, 0.33643222, -1.2983246
1427647996005, -0.12059319, 0.27680707, -1.4983463
1427647996011, 0.30192065, -0.031382322, -1.9418373
1427647996021, 1.2758317, 0.73337746, -1.9288802
1427647996032, 0.43073395, 0.28024387, -1.1217246
1427647996041, -0.55946344, -0.35807467, -0.4147086
1427647996051, -0.96088755, -0.6771934, -0.063616276
1427647996064, -0.71508, -0.31191158, 0.43177795
1427647996071, -0.38818932, -0.21888351, 0.475667
1427647996083, -0.32587433, -0.36664295, 0.74062157
1427647996091, -0.3756212, -0.5231576, 0.9525862
1427647996107, -0.48437166, -0.66369224, 1.4362755
1427647996112, -0.3721745, -0.6382141, 1.4095106
1427647996121, -0.1751566, -0.56420135, 1.3957586
1427647996134, 0.36553025, -0.39006948, 1.1855593
1427647996142, 0.4839604, -0.22011828, 0.85651016
1427647996152, 0.5787044, -0.16843319, 0.48601055
1427647996162, 0.6544996, -0.111762285, 0.059365273
1427647996171, 1.4199889, -0.028118372, 0.17773724
1427647996182, 1.2432513, -0.1450777, 0.1498518
1427647996191, 1.063554, -0.21566105, 0.18117237
1427647996206, 0.8278589, -0.14954448, 0.22921371
1427647996212, 0.69293296, -0.6176295, -0.53680515
1427647996221, 0.24788854, 0.003890276, -0.8967924
1427647996232, 0.18298796, -0.22673106, -0.5871897
1427647996242, 0.11574459, -0.5414728, -0.39313698
1427647996253, -0.6735489, 0.6624086, -0.3374939
1427647996262, -1.0828017, 0.83638453, -0.02482891
1427647996271, -1.2033451, 0.6691077, 0.2865944
1427647996282, -1.0852592, 0.48931742, 0.43613434
1427647996294, -0.0867399, 0.41443825, 1.1380367
1427647996304, 0.4669092, 0.31622767, 0.956398
1427647996313, 1.2316092, 0.8199291, 0.7881031
1427647996322, 1.667156, -1.3590168, 2.783348
1427647996334, 1.7627658, -1.6771448, 0.947217
1427647996342, 1.9618368, -1.4413147, -0.1156311
1427647996352, 1.8912501, -1.1070832, -0.7820349
1427647996375, 1.4593699, -0.50259435, -2.5486517
1427647996378, 1.1215274, -0.0036803484, -3.0272474
1427647996383, 0.6290715, 0.39545083, -4.2605453
1427647996390, -0.040705442, 0.5078968, -4.205227
1427647996400, -0.32369936, 0.95794153, -0.92017984
1427647996412, -0.4504956, 0.950228, 0.69654655
1427647996420, -0.5825784, 0.7755053, 1.767745
1427647996431, -0.69590616, 0.47483683, 2.2109861
1427647996442, -1.0700418, -0.018525839, 1.3474092
1427647996451, -1.0092623, 0.061793804, 1.2618017
1427647996461, -0.9529774, 0.05709648, 0.7872591
1427647996471, -0.5555229, 0.19124484, 0.46125507
1427647996482, -0.053684592, 0.45179224, 0.45328045
1427647996497, -0.15020788, 0.52998567, 0.7993269
1427647996502, -0.44960847, 0.33205128, 0.50155544
1427647996513, -0.6125145, 0.19668794, -0.05078125
1427647996521, -0.6125947, 0.13436604, -0.46200466
1427647996533, -0.49007583, 0.023216963, -0.13209915
1427647996541, -0.5299667, -0.17296243, -0.18995476
1427647996552, -0.66147816, -0.42184353, -0.5350361
1427647996564, -0.896932, -0.5673182, -0.42036724
1427647996571, -0.90908176, -0.5534533, -0.28266335
1427647996582, -0.59702075, -0.03670597, -0.19548512
1427647996594, 0.5107099, 0.53758216, -0.78462696
1427647996603, 0.9831763, 0.46071124, -0.9264984
1427647996612, 1.077676, 0.46816778, -0.25086594
1427647996622, 0.8774637, 0.45881033, 0.2819786
1427647996632, 0.5947107, 0.757782, 1.175602
1427647996642, 0.53706014, 0.7134857, 1.1013718
1427647996652, 0.69013727, 0.56312704, 0.4980259
1427647996661, 0.8355833, 0.44284034, -0.0612669
1427647996671, 1.2354137, 0.26999664, -2.6002755
1427647996682, 0.9959924, 0.17002845, -2.8310418
1427647996693, 0.55162764, 0.14368415, -2.1499114
1427647996703, 0.26508868, -0.022958517, -0.84652424
1427647996712, -0.14801693, -0.59297514, 1.4373398
1427647996721, -0.42487133, -0.6812391, 2.4829626
1427647996732, -0.7459536, -0.6062832, 3.2351866
1427647996742, -0.50482553, -0.5003495, 3.5075226
1427647996751, -0.17401707, -0.37729526, 2.1471329
1427647996794, -0.05493772, -0.10263848, 0.5301819
1427647996794, 0.30081487, -0.020819187, -1.1311283
1427647996795, 1.2596241, -0.06262398, -3.6553617
1427647996795, 1.0919752, -0.14969802, -3.644465
1427647996804, 0.7433355, -0.11975837, -3.0841236
1427647996810, 0.518054, 0.011453629, -2.467299
1427647996820, -0.5202532, -0.059790373, -0.594779
1427647996832, -0.99847245, -0.2317071, 0.65040874
1427647996840, -1.2584647, -0.3309331, 1.4703465
1427647996851, -1.5124272, -0.31837678, 2.1569424
1427647996874, -2.4970648, -0.20107126, 3.449379
1427647996877, -2.0129747, 0.053663492, 2.8591022
1427647996883, -1.3115833, 0.24978971, 1.9731627
1427647996891, -0.6508715, 0.123217106, 0.8813391
1427647996902, 0.06923407, -0.8207997, -0.74294186
1427647996912, 0.5687041, -0.8481759, -1.0770254
1427647996922, 1.0602175, -0.7934625, -1.3366299
1427647996961, 3.169592, -0.08314586, -0.9237366
1427647996973, 2.2292159, 0.46212316, 0.3336134
1427647996982, 1.5458679, 0.36969852, 0.5197191
1427647996991, 0.89192927, 0.2804358, 0.43109798
1427647997004, 0.20788789, 0.0021665096, 0.2835865
1427647997011, -1.6111449, -0.87167144, 0.34945202
1427647997021, -1.7409413, -0.99613357, 0.10334873
1427647997032, -1.5383205, -0.9118286, -0.11651993
1427647997041, -1.154042, -0.83672315, -0.13152313
1427647997051, 0.026785612, -0.40888935, 0.17059422
1427647997065, 0.511761, -0.15089834, 0.45825577
1427647997071, 0.77715826, 0.10912466, 0.55814075
1427647997084, 0.8362471, 0.7691684, 0.31626797
1427647997091, 0.70730484, 0.791548, -0.10707283
1427647997103, 0.69608855, 0.63323843, -0.5530071
1427647997114, 0.8173599, 0.5525594, -0.90209293
1427647997121, 0.88373137, 0.75616693, -1.4878187
1427647997134, 0.24729836, 0.43638182, -1.2745304
1427647997142, -0.51467574, -0.07993531, -0.9353485
1427647997151, -1.070625, -0.4393592, -0.6869869
1427647997161, -1.4617541, -1.0103717, 0.048003197
1427647997171, -0.96254426, -1.0458021, 0.536397
1427647997182, -0.38696316, -1.1124537, 0.9884033
1427647997191, 0.17310053, -1.0431919, 1.1278257
1427647997204, 1.2187443, -0.7349547, 1.1091194
1427647997213, 1.4883122, -0.350459, 0.5808382
1427647997221, 1.5737221, 0.14101231, 0.0049829483
1427647997234, 1.3738995, 0.4116062, -0.4250536
1427647997241, 0.9765363, 0.4442066, -0.64650154
1427647997253, 0.81953645, 0.43964124, -0.4635706
1427647997262, 0.6249831, 0.4742961, -0.2712574
1427647997273, 0.29312754, 0.49435866, -0.12506866
1427647997282, -0.32478333, 0.35717964, -0.21497631
1427647997292, -0.3824098, 0.15549922, -0.1260128
1427647997305, -0.58174, 0.055446386, -0.024195671
1427647997313, -1.1702449, -0.4689597, -0.3411379
1427647997322, -0.9055501, -0.32919908, -0.44146156
1427647997334, -0.808716, -0.087146044, -0.32252312
1427647997342, -0.8078632, -0.054394007, -0.04349804
1427647997355, -0.53903025, 0.16334379, 0.4172268
1427647997362, -0.46953136, 0.09236789, 0.40273476
1427647997383, -0.3832866, 0.03558719, 0.47541714
1427647997385, -0.20703036, 0.18169868, 0.2117815
1427647997390, -0.020056844, 0.091728926, 0.039180756
1427647997400, 0.083553314, -0.17944467, 0.1539278
1427647997411, 0.20474863, -0.20484722, 0.16144943
1427647997420, 0.24041343, -0.27113807, 0.07553005
1427647997432, 0.61371017, -0.24755621, 0.06042385
1427647997442, 0.52161384, -0.37425822, 0.101968765
1427647997451, 0.30236948, -0.6441716, 0.06625271
1427647997466, 0.34149432, -0.53066015, -0.2841015
1427647997471, 0.7635281, 0.6021055, -0.41115665
1427647997482, 0.40396345, 0.78048074, -0.15271091
1427647997491, -0.27442205, 0.5707545, 0.06170559
1427647997502, -1.29214, -0.23292649, 0.041703224
1427647997511, -1.1333108, -0.20166421, -0.13518906
1427647997521, -0.7457583, -0.1996386, -0.18476582
1427647997533, -0.13691992, -0.2210024, 0.07436943
1427647997541, 0.6183014, -0.25341636, 0.6111202
1427647997551, 0.76279175, -0.07248843, 0.6727705
1427647997562, 0.671525, 0.0569309, 0.64547634
1427647997575, 0.32269955, -0.30688173, 0.4091215
1427647997582, 0.058961987, -0.42171863, -0.0021457672
1427647997597, -0.113720775, -0.3297135, -0.3388195
1427647997603, -0.121622324, 0.012041271, -0.52388287
1427647997612, -0.043667674, 0.507627, -0.60298157
1427647997622, 0.08764887, 0.72788227, -0.41343212
1427647997634, 0.10842633, 0.51335275, -0.25413036
1427647997641, 0.063756704, 0.24213052, -0.24927235
1427647997652, -0.017947674, -0.0744462, -0.2990179
1427647997661, 0.20016241, -0.013588309, -0.13195324
1427647997671, 0.13714552, -0.14111519, -0.021286964
1427647997682, -0.1124655, -0.25079817, -0.017029762
1427647997692, -0.25852418, -0.4304819, 0.047667503
1427647997702, 0.061331272, -0.13752645, 0.076441765
1427647997712, 0.3708458, 0.027884841, 0.08413792
1427647997721, 0.59547293, 0.014646411, 0.1592474
1427647997732, 0.77517486, 0.065347195, 0.16570568
1427647997743, 0.58183265, -0.1239354, -0.04364872
1427647997751, 0.38119006, -0.05317962, -0.20347023
1427647997761, 0.021478653, 0.13366961, -0.23939133
1427647997772, -0.75662315, -0.19186074, 0.07663822
1427647997784, -0.82748044, -0.16115004, 0.16857052
1427647997791, -0.6696458, -0.08295137, 0.18082523
1427647997804, -0.48208654, -0.07402253, 0.114014626
1427647997813, -0.46228373, -0.17413968, 0.45896053
1427647997821, -0.80652934, -0.5760141, 0.55870533
1427647997832, -0.92869693, -0.79791486, 0.68446827
1427647997842, -0.87320215, -0.56171745, 0.77741814
1427647997852, -0.85179067, 0.21717182, 1.0050077
1427647997862, -0.43626624, 0.5797941, 0.597147
1427647997871, 0.003413558, 0.72432435, 0.14827538
1427647997902, 0.62330794, 1.000839, -0.923336
1427647997904, 0.71316683, 1.0075302, -0.93786716
1427647997922, 0.5858563, 0.8060242, -1.0797358
1427647997931, 0.48400807, 0.66780365, -1.0706472
1427647997932, 0.26462328, 0.56488883, -1.0097466
1427647997933, -0.025806189, 0.030531526, -0.968688
1427647997940, -0.25048834, -0.64978194, -0.73664284
1427647997950, -0.39192683, -1.2476629, -0.42076206
1427647997960, -0.091359496, -2.3082376, 0.22267532
1427647997970, 0.24103165, -1.7699757, 0.6378269
1427647997980, 0.6984807, -0.78008056, 1.0159168
1427647997990, 1.1180701, -0.05711747, 1.3873415
1427647998000, 1.0859923, 0.21479517, 1.523592
1427647998013, 0.88411665, 0.62386143, 1.0043535
1427647998020, 0.66132474, 0.89748436, 0.25952053
1427647998036, 0.23792481, 0.9095236, -0.3899765
1427647998046, -0.71371067, 0.84254056, -0.8559437
1427647998051, -1.0306551, 0.7200011, -0.6847544
1427647998060, -1.2459037, 0.4687407, -0.3256216
1427647998071, -1.3721337, -0.115339994, 0.54395485
1427647998082, -1.2815818, -0.26848525, 0.5424242
1427647998090, -1.1018798, -0.2837413, 0.54886055
1427647998101, -0.90448827, -0.3265918, 0.53868675
1427647998112, -0.46310145, -0.11570597, 0.11682987
1427647998120, 0.0815441, 0.19857013, -0.3279152
1427647998133, 0.85436416, 0.55725133, -0.6530657
1427647998142, 1.3883443, 0.57604563, -0.7982645
1427647998151, 1.9227886, 0.13139439, -1.4124174
1427647998162, 1.6837984, -0.017467618, -1.1146107
1427647998171, 1.4849448, -0.113572836, -0.72313595
1427647998182, 1.310539, -0.1521498, -0.7240763
1427647998192, 0.32825565, -0.40519327, -0.6788597
1427647998204, -0.51120174, -0.4620607, -0.09872341
1427647998212, -1.1904287, -0.2777112, 0.53393745
1427647998222, -1.5116286, 0.1072731, 0.7719145
1427647998232, -1.6766511, 0.7370415, 0.9699583
1427647998241, -1.5558414, 0.6892319, 0.8679037
1427647998252, -1.3442719, 0.58969283, 0.5717392
1427647998263, -0.57742363, 0.3185253, -0.17084694
1427647998272, -0.2857257, 0.017315269, -0.28990746
1427647998283, -0.044705868, -0.2236526, -0.24724865
1427647998292, 0.23238587, -0.24021363, -0.18247604
1427647998313, 0.5306738, -0.13854074, 0.2907219
1427647998316, 0.63905954, -0.034218192, 0.42411423
1427647998323, 0.672138, -0.035036206, 0.39292145
1427647998332, 0.64497066, -0.11996627, 0.32966042
1427647998342, 0.8454187, -0.095973015, 0.15646839
1427647998351, 0.56907463, -0.3219447, 0.14815903
1427647998364, 0.24073923, -0.42610747, 0.0036058426
1427647998372, -0.029590726, -0.32556313, -0.15800571
1427647998402, -0.18456292, 3.862381e-05, -0.22600365
1427647998405, -0.078697324, 0.1685828, -0.17314148
1427647998408, -0.039973617, 0.3110795, -0.061899185
1427647998414, -0.13157773, 0.118618965, 0.14201641
1427647998425, -0.33510548, -0.18857837, 0.24385738
1427647998431, -0.39066756, -0.05892539, 0.20274734
1427647998440, -0.41213286, -0.0011715889, 0.13155174
1427647998450, -0.45228934, -0.008598685, 0.105241776
1427647998462, -0.61465913, -0.17543077, 0.15314674
1427647998471, -0.4227743, -0.17865187, 0.15316296
1427647998482, -0.21563634, 0.033291698, 0.06890011
1427647998491, 0.04201144, 0.156878, 0.21601105
1427647998502, 0.21748382, 0.15614808, 0.22643948
1427647998512, 0.29657018, 0.15556419, 0.081552505
1427647998521, 0.35983926, 0.20872724, -0.14927864
1427647998533, 0.6173135, 0.38150215, -0.46418762
1427647998543, 0.5934496, 0.28987885, -0.3943348
1427647998551, 0.45943677, 0.20125723, -0.4457121
1427647998561, 0.29859638, 0.18399012, -0.4868145
1427647998571, 0.07798684, -0.059666872, -0.49671173
1427647998582, 0.00875926, -0.16265512, -0.52761364
1427647998595, -0.03896129, -0.2986759, -0.43741417
1427647998601, -0.061814785, -0.46112263, -0.28864002
1427647998612, -0.26397228, -0.66769457, 0.23643684
1427647998621, -0.25714654, -0.5035099, 0.36536217
1427647998638, -0.052488327, -0.2955476, 0.45317936
1427647998644, 0.07293105, 0.008728147, 0.8988447
1427647998652, -0.07189977, 0.083596945, 0.7037535
1427647998661, -0.18010294, 0.17413783, 0.4863882
1427647998672, -0.15174377, 0.3155235, 0.28184986
1427647998682, -0.10607207, 0.3826635, -0.14226913
1427647998693, -0.08485758, 0.24483919, -0.32833576
1427647998702, -0.037240267, 0.2648244, -0.46186638
1427647998712, 0.0008536577, 0.3037969, -0.62998295
1427647998721, 0.0466516, 0.33497488, -0.98665714
1427647998732, 0.14458156, 0.2986256, -0.89658546
1427647998744, 0.1539725, 0.17760897, -0.7708988
1427647998751, 0.13083947, 0.027165532, -0.41752052
1427647998763, 0.24257755, -0.20044947, 0.39382076
1427647998771, 0.27833796, -0.28294265, 0.7594204
1427647998782, 0.337592, -0.37192166, 1.0519009
1427647998792, 0.37733376, -0.3205216, 1.1709623
1427647998801, 0.37082005, -0.20278716, 1.1206446
1427647998812, 0.28899455, -0.22352135, 0.68965626
1427647998823, 0.12393534, -0.19413996, 0.26825142
1427647998832, -0.092387915, 0.105177164, -0.5055752
1427647998844, -0.08923328, 0.099464655, -0.55002785
1427647998852, -0.11735535, 0.0642488, -0.5242977
1427647998862, -0.2700975, 0.051398993, -0.42709923
1427647998894, -0.2773695, 0.05644214, -0.27272606
1427647998897, -0.13761973, 0.05281508, -0.25648785
1427647998904, -0.04114282, 0.05757487, -0.18220615
1427647998906, -0.040575743, 0.015414119, -0.061489105
1427647998911, 0.021169543, -0.05662179, -0.0032224655
1427647998920, 0.016935706, 0.038978457, 0.03572941
1427647998930, -0.093711615, 0.13078153, 0.0822134
1427647998941, -0.27416694, 0.18890107, 0.03512478
1427647998951, -0.4721613, 0.2430582, -0.2323885
1427647998961, -0.4849893, 0.25573802, -0.30849457
1427647998972, -0.43396014, 0.2505592, -0.2927637
1427647998982, -0.38547534, 0.2234317, -0.26485634
1427647998993, -0.12450558, 0.22471404, -0.08930206
1427647999001, 0.04596299, 0.103156805, -0.033133507
1427647999013, 0.14403069, 0.051879644, 0.11906052
1427647999021, 0.30676055, 0.026180744, 0.32509136
1427647999032, 0.3450073, -0.017362595, 0.27539635
1427647999043, 0.2913289, -0.013890147, 0.29693127
1427647999053, 0.17177153, -0.026435018, 0.36779022
1427647999061, 0.1374172, -0.14373124, 0.30955505
1427647999071, 0.14057958, -0.21458375, 0.34724236
1427647999085, 0.21206248, -0.20997417, 0.3007784
1427647999092, 0.238603, -0.16797936, 0.16400814
1427647999102, 0.2904811, -0.14970648, -0.15992832
1427647999112, 0.24770772, -0.03548932, -0.24286461
1427647999122, 0.17518187, -0.005407095, -0.22493744
1427647999136, 0.20143712, -0.019648552, -0.09567356
1427647999143, -0.061032295, -0.19959354, 0.12265873
1427647999153, -0.27866912, -0.10604477, 0.12877274
1427647999161, -0.49874735, -0.00055992603, 0.15664864
1427647999171, -0.7131171, 0.07616651, 0.17128754
1427647999182, -1.0838106, 0.22948503, -0.016199112
1427647999192, -1.066246, 0.22189522, -0.020620346
1427647999201, -0.92961127, 0.277115, 0.03713417
1427647999213, -0.8049806, 0.39790523, 0.106321335
1427647999222, -0.65164596, 0.31066275, 0.26127148
1427647999235, -0.5136553, 0.21788442, 0.2703085
1427647999243, -0.36495554, 0.12067747, 0.13963127
1427647999252, 0.09110781, 0.0812192, -0.24838257
1427647999261, 0.2874067, 0.08795965, -0.420887
1427647999272, 0.39081573, 0.13165927, -0.5359068
1427647999284, 0.40458995, 0.19726491, -0.64324665
1427647999291, 0.6071454, 0.23442626, -0.7904091
1427647999302, 0.59297657, 0.20286393, -0.74724865
1427647999314, 0.5050271, 0.17761397, -0.70505905
1427647999322, 0.44999033, 0.11144543, -0.48743248
1427647999335, 0.44426823, 0.08149481, -0.121795654
1427647999343, 0.4550134, 0.042211533, 0.18603611
1427647999352, 0.2873962, -0.104136944, 0.4399643
1427647999362, 0.11499524, -0.15226245, 0.57415295
1427647999372, -0.053571284, -0.006888151, 0.68150425
1427647999392, -0.1731016, -0.04381776, 0.7827091
1427647999394, -0.084851205, -0.019731283, 0.83302593
1427647999400, 0.2155925, -0.10006094, 0.8349724
1427647999410, 0.33336425, -0.1566633, 0.6526556
1427647999421, 0.2973373, -0.24791384, 0.36123466
1427647999431, 0.36811435, -0.2749455, 0.18172741
1427647999440, 0.3174758, -0.15866482, -0.046154976
1427647999451, -0.060138702, -0.05797887, -0.22846031
1427647999462, -0.39287597, 0.053215623, -0.4355955
1427647999471, -0.6207586, 0.12684834, -0.37912178
1427647999483, -1.0329081, 0.33898354, -0.5484638
1427647999491, -1.1327844, 0.40143156, -0.5536928
1427647999502, -1.2356696, 0.53566575, -0.38166142
1427647999511, -1.2107177, 0.6353917, -0.32831478
1427647999521, 0.77057403, 0.7917869, -6.5756826
1427647999532, -0.76260096, 0.035836935, -1.353209
1427647999543, -0.9931531, 0.11294532, 2.257823
1427647999551, 0.21678835, 0.6573031, 1.4461699
1427647999563, 0.26536804, -0.2939322, 1.3561335
1427647999571, 0.5417366, -0.34240603, 1.2841053
1427647999586, 0.56363386, -0.30457067, 1.1958361
1427647999592, 0.27469385, -0.1517191, 0.99497604
1427647999602, -0.08670274, -0.19032836, 0.8879185
1427647999612, -0.2532369, -0.15992427, 0.49581432
1427647999621, -0.08766783, 0.032951117, 0.31237507
1427647999635, -0.0011812553, 0.355803, -0.73076534
1427647999643, -0.19248115, -0.021815538, -1.0442982
1427647999651, -0.115677685, -0.14769697, -1.1265726
1427647999662, 0.18326989, -0.026220083, -1.0008574
1427647999671, 0.491381, 0.0020081997, -0.7393942
1427647999682, 0.4467349, -0.05202341, -0.6221609
1427647999692, 0.33440357, 0.019672632, -0.2832079
1427647999703, 0.24453855, 0.038722515, 0.2024746
1427647999712, 0.63233316, 0.08460808, 0.77489567
1427647999722, 0.63611114, -0.024250746, 0.82677555
1427647999734, 0.43227446, -0.1343224, 0.72271156
1427647999743, 0.30751228, -0.15342665, 0.4632473
1427647999752, 0.123426735, -0.3142774, -0.29594803
1427647999761, 0.114064276, -0.37400496, -0.19078922
1427647999771, 0.13722014, -0.28388107, -0.121985435
1427647999784, -0.09708297, -0.37267232, -0.15887928
1427647999791, -0.0776664, -0.24450779, -0.11178017
1427647999801, -0.09277886, -0.21092916, -0.29628277
1427647999812, -0.18914485, -0.15342045, -0.46686935
1427647999821, -0.30454478, -0.45217848, -0.61100006
1427647999833, -0.21299005, -0.46900296, -0.42750835
1427647999842, -0.20869929, -0.45181692, -0.13514805
1427647999852, -0.32018834, -0.48403668, 0.3439064
1427647999861, -0.04929167, -0.69368726, 2.282424
1427647999873, -0.23863092, -0.731163, 2.117074
1427647999904, -0.32114932, -0.7304979, 2.0920544
1427647999908, -0.23393512, -0.69932, 1.7119503
1427647999914, -0.04924208, -0.35259697, 1.0324574
1427647999916, -0.5067418, -0.0752185, 0.41224766
1427647999921, -0.8497573, -0.067836225, 0.17656994
1427647999932, -1.2697372, -0.13088346, -0.77045536
1427647999940, -0.8242536, 0.22473538, -0.5091038
1427647999950, -0.3529451, 0.37898588, -0.162117
1427647999961, 0.07773191, 0.09632969, -0.35953712
1427647999971, 1.9469011, -0.21407115, -1.4981384
1427647999981, 2.300681, -0.17891839, -1.0912504
1427647999992, 2.0857112, 0.27824473, -1.1411505
1427648000001, 1.4234025, 0.5673609, -1.0431652
1427648000013, -0.025817633, 0.60711753, -0.48976803
1427648000021, -0.34243494, 0.52400136, 0.31303883
1427648000033, -0.7106503, 0.4038781, 0.80205536
1427648000043, -0.7753793, 0.30777967, 0.8485031
1427648000051, -0.7965167, 0.13130212, 0.33403778
1427648000062, -0.47632298, 0.10504174, -0.07753563
1427648000071, -0.08226201, 0.09169483, -0.53703785
1427648000083, 0.1793567, 0.0044027567, -0.7667341
1427648000094, 0.13582385, 0.0035222769, -0.88153744
1427648000101, 0.2695495, 0.1100781, -0.7741823
1427648000112, 0.5910504, 0.16467679, -0.6882982
1427648000124, 0.5264704, 0.08577287, -0.48168564
1427648000132, -0.46755132, -0.43703717, 0.013046265
1427648000142, -0.6498531, -0.58713454, 0.20963573
1427648000153, -0.596497, -0.54632205, 0.40521336
1427648000161, -0.4771976, -0.39108896, 0.18626499
1427648000171, -0.19022197, -0.3511784, 0.16433525
1427648000182, -0.014271557, -0.30392706, 0.039530754
1427648000191, -0.17230763, -0.07458985, -0.07563591
1427648000202, 0.053690016, 0.05524981, -0.08349419
1427648000212, 0.22682667, 0.06718415, -0.1970396
1427648000224, 0.24275297, 0.0077786446, -0.15763187
1427648000232, 0.10226503, 0.021545768, 0.011799812
1427648000242, -0.20932294, 0.17046559, 0.28525257
1427648000253, -0.24407281, 0.19000256, 0.41973782
1427648000262, -0.22590405, 0.19797075, 0.48135757
1427648000271, -0.13475457, 0.1124078, 0.50766945
1427648000282, 0.12970117, 0.32743108, 0.46742725
1427648000292, 0.19569826, 0.28492916, 0.3662796
1427648000301, 0.10292852, 0.18197453, 0.18576336
1427648000312, 0.1819416, 0.09194958, -0.08889389
1427648000325, 0.10724604, -0.033700585, -0.04813099
1427648000333, 0.016843826, -0.08825207, 0.053432465
1427648000342, -0.086123735, -0.047617316, 0.12702179
1427648000352, -0.2221279, -0.030432343, 0.36210728
1427648000361, -0.23133244, -0.14692903, 0.3050089
1427648000371, -0.062482834, -0.1405276, 0.060132027
1427648000383, 0.21050292, -0.0051618814, -0.02850914
1427648000406, 0.17606378, 0.17208374, -0.19135857
1427648000411, 0.025929302, 0.19895864, -0.18373299
1427648000413, -0.14014691, 0.19747412, -0.14698696
1427648000420, -0.188732, 0.21927083, -0.14823532
1427648000430, -0.3731675, 0.045171976, -0.07261944
1427648000441, -0.49007016, -0.063461185, -0.019788742
1427648000450, -0.45334768, -0.17335212, 0.014814377
1427648000460, -0.33203238, -0.15400457, -0.080085754
1427648000476, -0.043443993, -0.13852656, -0.20197487
1427648000482, 0.041859254, -0.13380563, -0.17690277
1427648000491, 0.1330862, -0.022768617, -0.25644398
1427648000503, 0.23671353, 0.050738096, -0.25878525
1427648000517, 0.19703229, -0.10497701, -0.2300129
1427648000522, 0.18827161, -0.07632017, -0.107396126
1427648000533, 0.1352944, -0.0687176, 0.082634926
1427648000541, 0.000975281, -0.1392501, 0.14272213
1427648000551, -0.06817279, -0.11906153, 0.13716221
1427648000561, -0.1158298, -0.087587774, 0.13271427
1427648000571, -0.19226265, -0.12370032, 0.10617161
1427648000582, -0.24574746, -0.13726753, 0.20752048
1427648000591, -0.18893653, -0.03319955, 0.22730827
1427648000604, -0.11284199, 0.111346364, 0.10523224
1427648000617, 0.06295531, 0.2039988, 0.02289486
1427648000622, 0.24956183, 0.16319907, -0.17321968
1427648000632, 0.29158682, 0.14588213, -0.20752907
1427648000643, 0.26391524, 0.116705656, -0.23497581
1427648000652, 0.15750208, 0.039734483, -0.16499615
1427648000661, 0.034064323, -0.0065196753, -0.04772091
1427648000671, -0.0033943206, -0.058845878, -0.015192032
1427648000682, -0.048684135, -0.14667553, 0.04147625
1427648000692, -0.107900314, -0.14032477, 0.07148838
1427648000701, -0.040351585, 0.010323286, 0.17211246
1427648000713, -0.06292705, -0.022387266, 0.0993824
1427648000721, 0.04925716, 0.028058887, 0.018214226
1427648000732, 0.12368162, 0.07607722, -0.077365875
1427648000747, -0.07726794, -0.054059863, -0.06189251
1427648000753, -0.1537517, -0.066232204, -0.011206627
1427648000762, -0.16130859, -0.06064713, 0.10595608
1427648000772, -0.25163, -0.03319478, 0.13073349
1427648000782, -0.22428834, -0.018894434, 0.13523293
1427648000792, -0.32499814, 0.038514614, 0.16947746
1427648000802, -0.19870694, 0.11508763, 0.18155098
1427648000813, 0.0019247979, 0.22231472, -0.053956985
1427648000821, 0.11646152, 0.37704933, -0.050827026
1427648000832, 0.13147645, 0.4012382, -0.11727619
1427648000842, 0.112842605, 0.20606887, -0.11680508
1427648000851, 0.18987288, 0.06525636, -0.19304276
1427648000862, 0.113591075, -0.01674807, -0.14677334
1427648000871, -0.016387373, -0.14364302, -0.025481224
1427648000887, -0.21230748, -0.24515903, 0.11752033
1427648000895, -0.19283032, -0.11951268, 0.08635521
1427648000922, -0.13894139, -0.04197991, 0.06908417
1427648000923, -0.065184444, -0.025922537, 0.0629282
1427648000924, 0.10874281, -0.08969104, -0.03393364
1427648000930, 0.10231714, -0.056429982, -0.088438034
1427648000940, 0.097176604, -0.07578969, -0.1397028
1427648000951, -0.052503288, -0.23684502, -0.11176205
1427648000960, 0.18784074, -0.10520017, 0.06381893
1427648000970, 0.22688705, 0.046084404, 0.020409584
1427648000983, 0.035942182, 0.10582054, -0.1981926
1427648000991, 0.051738083, 0.15360951, 0.009997368
1427648001014, -0.24208301, 0.15353334, 0.06162834
1427648001017, -0.22431222, 0.17645693, -0.04263401
1427648001022, -0.14114253, 0.17181122, -0.16435146
1427648001033, -0.12823693, 0.09914172, -0.13148117
1427648001041, -0.025975078, 0.3398025, -0.23542976
1427648001052, -0.043764398, 0.32547224, -0.1270523
1427648001061, -0.035011515, 0.39062238, -0.04801178
1427648001071, 0.08691246, 0.45040405, -0.061393738
1427648001082, -0.114344716, 0.27604723, -0.21766758
1427648001091, -0.2140589, 0.08293176, -0.05921173
1427648001101, -0.15592423, 0.020376801, 0.12884331
1427648001118, 0.105103984, -0.12926614, 0.08009052
1427648001146, 0.16835909, -0.03445983, 0.24794674
1427648001162, 0.18065594, -0.111843824, 0.5201378
1427648001163, 0.021941632, -0.043506384, 0.58466244
1427648001164, -0.5877009, -0.14972687, -0.053248405
1427648001165, -0.2786246, 0.041108847, 0.110630035
1427648001170, -0.023702085, 0.017564178, 0.5098839
1427648001181, -0.057268888, -0.16216195, 0.6147661
1427648001194, -0.13009101, -0.076099396, 0.33092213
1427648001200, -0.18834871, -0.06854105, 0.04255581
1427648001210, -0.27326214, -0.20040047, -0.3413658
1427648001224, -0.12667239, -0.28290343, -0.41099834
1427648001230, 0.14382836, 0.110780835, -0.3134756
1427648001240, 0.115062684, 0.004348755, -0.5572376
1427648001252, 0.20697182, 0.1720308, -0.43812847
1427648001260, 0.21154615, 0.16827035, -0.059368134
1427648001270, -0.22915828, 0.13461637, 1.369873
1427648001283, -0.32123262, 0.19196904, 1.5172777
1427648001293, -0.48682952, 0.030992031, 0.40937042
1427648001301, 0.07022315, 0.19334555, -1.2201157
1427648001313, 0.048517108, 0.14701498, -1.2595663
1427648001321, 0.34527156, -0.2041688, -1.6971836
1427648001337, 0.55202925, -0.26293385, -0.890398
1427648001346, 0.6714668, 0.2493397, 0.6744032
1427648001352, 0.40692887, 0.1688261, 0.8000126
1427648001362, 0.12634552, -0.04881382, 0.80090046
1427648001372, -0.098121166, -0.13864982, 0.8092718
1427648001382, -0.46156922, 0.13424635, 0.48652744
1427648001393, -0.6527289, 0.2146573, 0.19002438
1427648001422, -0.8439638, 0.27898622, -0.016532898
1427648001425, -1.0812277, 0.40706372, 0.44646072
1427648001431, -0.19077492, 0.96155095, -1.7956972
1427648001433, 0.74376917, 0.84585524, -2.6394048
1427648001440, 1.4837431, 0.6690228, -2.7167778
1427648001451, 1.7386185, 0.427958, -2.3189898
1427648001461, 1.3985564, -0.1403048, -1.0124326
1427648001470, 1.0192463, -0.2041812, 0.20136452
1427648001481, 0.6851524, -0.102053404, 1.333293
1427648001492, -0.17205393, -0.13527298, 2.6525536
1427648001501, -0.47474676, -0.2461245, 2.336563
1427648001511, -0.7092396, -0.1662538, 1.8309441
1427648001523, -0.75126636, -0.05638838, 1.227251
1427648001533, -0.8155336, -0.11406374, 0.3765459
1427648001542, -0.8669473, -0.0912509, -0.020545006
1427648001551, -0.90041685, -0.095984936, -0.24627972
1427648001561, -0.83525515, -0.15340233, -0.45751286
1427648001578, -0.89804757, -0.19933653, -0.6571455
1427648001583, -0.7031152, -0.1824534, -0.61765385
1427648001591, -0.5471693, -0.10765529, -0.5017843
1427648001603, -0.39942825, -0.04781699, -0.31715202
1427648001614, -0.12800646, 0.015376568, -0.16944599
1427648001623, 0.0048550367, -0.01068306, -0.2121706
1427648001632, 0.1494515, -0.031530857, -0.12376785
1427648001642, 0.29577446, -0.12482357, 0.077199936
1427648001651, 0.34387988, -0.115181684, 0.3145876
1427648001661, 0.3823641, -0.12279105, 0.5044975
1427648001671, 0.38250574, -0.12121725, 0.61811924
1427648001685, 0.4209263, -0.15826547, 0.50215626
1427648001692, 0.3903712, -0.057659388, 0.38640213
1427648001702, 0.35826564, -0.01548171, 0.27847576
1427648001711, 0.27128962, -0.05069256, 0.0848732
1427648001722, -0.70234174, 0.036060333, -0.024039268
1427648001732, -0.64614934, -0.24696374, -0.095846176
1427648001741, -0.5475652, -0.2588626, -0.42910385
1427648001751, -0.87475455, 0.03041482, -0.45820427
1427648001762, -0.56189764, 0.6066017, -0.07542896
1427648001771, -0.06644571, 0.55423427, 0.04691696
1427648001785, 0.27628553, 0.33612728, 0.014549255
1427648001793, 0.5964393, 0.18462586, -0.026667595
1427648001802, 0.98280686, 0.13237786, 0.0016498566
1427648001811, 1.0237503, 0.17485523, 0.05494976
1427648001822, 0.8113388, 0.20883727, 0.166543
1427648001834, 0.373259, 0.23602271, 0.2481556
1427648001841, 0.29860723, 0.24244833, 0.12957191
1427648001852, 0.23888579, 0.23226595, -0.11086273
1427648001861, 0.15280141, 0.27008867, -0.21893406
1427648001871, 0.07627246, 0.3003466, -0.4509592
1427648001884, -0.007935032, 0.2249546, -0.45270538
1427648001892, -0.09828536, 0.21827102, -0.53071594
1427648001902, -0.19354998, 0.24356985, -0.66207695
1427648001925, -0.29274598, 0.37873054, -0.8437815
1427648001928, -0.31847268, 0.5251663, -0.72865486
1427648001937, -1.0132612, 0.4890859, -0.65187645
1427648001941, -1.8372427, 0.1920712, -0.52150154
1427648001950, -2.1133556, -0.091509104, 0.050147057
1427648001960, -1.7366531, -0.11917591, 0.20100784
1427648001972, -1.2514164, -0.10300207, 0.42129517
1427648001984, -0.78661275, 0.032520056, 0.8809986
1427648001991, 0.1981461, -0.019952774, 1.493928
1427648002001, 0.55691206, -0.100238085, 1.1108665
1427648002011, 0.7443261, -0.049544573, 0.5592518
1427648002021, 0.7640127, -0.016651392, 0.07199001
1427648002032, 0.8946836, 0.2318449, -0.70855236
1427648002041, 0.7540541, 0.2544291, -0.8043461
1427648002053, 0.4040457, 0.1882205, -0.81968975
1427648002061, -0.8413031, -0.09458995, -0.87793446
1427648002071, -1.7762907, -0.36680698, -0.8249302
1427648002084, -2.493635, -0.6382108, -0.86680317
1427648002091, -2.5695162, -0.69444346, -0.8696561
1427648002101, -1.281807, -0.10352945, -1.1094427
1427648002115, 0.031833887, 0.14701986, -0.9565072
1427648002122, 1.0597622, 0.25552154, -0.61963797
1427648002134, 1.7978289, 0.26570892, -0.04368496
1427648002141, 1.4382632, 0.2891817, 1.4437113
1427648002153, 0.89012146, 0.16239238, 1.591671
1427648002161, 0.50523806, -0.18420553, 1.3652744
1427648002171, -0.08614206, -0.36954618, 1.2454491
1427648002185, -1.1185315, -0.36458993, 1.0653124
1427648002192, -0.8795023, -0.37594795, 0.99781704
1427648002202, 0.093188524, -0.36205006, 1.2885866
1427648002212, 2.0282195, -0.25133276, 1.5518475
1427648002222, 2.2508142, -0.18574333, 0.36807346
1427648002232, 2.758332, 0.54859686, -4.4786215
1427648002242, 2.0840826, 1.2509909, -2.2651286
1427648002251, -0.06422067, 0.18867946, 2.8077497
1427648002261, -0.7945367, 0.24288082, 2.0010328
1427648002271, -0.5973222, 0.57737684, 0.34434986
1427648002288, 0.089089155, 0.60746884, -0.75881577
1427648002294, -0.2658323, -0.33379936, -0.79858875
1427648002302, -0.6953368, -0.7343879, -0.68483925
1427648002311, -0.7094984, -0.7484007, -0.62448597
1427648002322, -0.86639524, -0.5680747, -0.3846674
1427648002332, -1.9036245, 0.34233046, -0.024260521
1427648002341, -1.8216963, 0.7488737, 0.03422165
1427648002351, -0.9287174, 0.65272903, -0.20246601
1427648002362, 0.34495163, 0.10080385, -1.0353775
1427648002371, 1.4098554, -1.0609124, -1.2343583
1427648002392, 1.6258783, -0.9866358, -1.3169289
1427648002395, 2.220076, -0.64374113, -1.8733177
1427648002404, 2.5728512, -0.20087337, -1.2534876
1427648002428, 1.2461678, 0.13043618, 0.069812775
1427648002438, 0.45297158, 0.26523948, 0.002219677
1427648002443, 0.3853616, 0.43437338, -0.013546944
1427648002446, 1.2046784, 0.508389, 1.7512951
1427648002451, 1.4464138, 0.4450183, 2.3357325
1427648002460, 1.601495, 0.41730618, 2.1597214
1427648002470, 1.4344248, 0.22658467, 1.942297
1427648002488, 1.1705241, 0.36514258, 1.0098753
1427648002493, 0.72956026, 0.0009791851, 0.7236242
1427648002501, 0.16993022, -0.29035187, 0.7244673
1427648002511, -0.33140397, -0.23228168, 0.57957363
1427648002521, -0.8167473, -0.07090378, -0.5706358
1427648002534, -0.553799, -0.041400194, -0.7093363
1427648002541, -0.17488861, -0.1557033, -0.7743292
1427648002552, 0.013318062, -0.51529646, -0.51986504
1427648002561, 0.07960737, -0.72635627, -0.5537977
1427648002571, 0.16328466, -0.6193924, -0.489007
1427648002588, 0.13062775, -0.41123796, -0.66701794
1427648002592, 0.70209503, -0.62778676, -0.096912384
1427648002601, 0.906441, -0.46392214, 0.075699806
1427648002611, 0.9166889, -0.28686166, 0.42064762
1427648002624, 0.9019029, -0.19118214, 0.26756477
1427648002633, 0.41506457, -0.4057734, -0.30692673
1427648002642, -0.26554108, -0.6617223, -0.89676476
1427648002653, -0.18178701, -0.720914, -0.72507286
1427648002662, 0.2529657, -0.74528295, 0.30867004
1427648002671, 0.3249557, 0.024350643, -0.105490685
1427648002688, 0.25230312, 0.18037093, 0.28335762
1427648002695, -0.02033925, -0.008932233, 0.68637276
1427648002702, -0.52192676, -0.32892644, 0.8095875
1427648002711, 0.42521763, 0.08162391, 1.2912312
1427648002722, 0.6466322, 0.18022084, 2.6495504
1427648002742, 0.8390863, 0.5195875, 2.7325563
1427648002747, -0.25576568, -0.067001104, 0.1251173
1427648002766, -1.1699549, -0.8657141, -0.9112177
1427648002768, -0.88233376, -0.5929725, -1.1809998
1427648002796, -1.0123247, -0.6276069, -1.435133
1427648002798, -1.468744, -0.8391892, -0.89527893
1427648002801, -1.1673337, -0.61772126, -0.5936394
1427648002802, -0.95685136, -0.4558698, -0.5745115
1427648002812, -0.61225224, -0.29574284, -0.5668688
1427648002820, 0.25335848, -0.060381055, 0.059822083
1427648002830, 0.6547121, 0.074278295, 0.69908047
1427648002842, 1.0217636, 0.13603705, 0.8120918
1427648002851, 0.7561194, -0.09036797, 0.4964447
1427648002860, 0.4516666, -0.478351, -0.5758476
1427648002871, 0.33834898, -0.4822796, -0.74415207
1427648002882, 0.33963203, -0.32453212, -0.52636814
1427648002891, 0.6011479, -0.037443787, -0.0839901
1427648002902, 1.1091568, 0.29182568, 0.53040123
1427648002912, 0.8720026, 0.30241352, 0.28641415
1427648002938, 0.39880586, 0.46411282, -0.16160202
1427648002946, -0.12531924, 0.52451915, -0.48170853
1427648002952, -1.3797169, 0.11315751, -0.5079498
1427648002955, -1.4562001, -0.13165593, -0.030948639
1427648002960, -0.8125336, -0.067017496, 0.5192032
1427648002970, -0.3129233, 0.06896913, 0.5685921
1427648002980, -0.51848924, -0.059746385, -0.27296352
1427648002992, -0.59100467, -0.15505731, -0.46353817
1427648003001, -0.49578804, -0.09340006, -0.36316967
1427648003012, -0.2970317, -0.06705862, 0.031245232
1427648003025, -0.352547, -0.13792282, 0.99800014
1427648003032, -0.4812352, -0.25590575, 2.2004442
1427648003041, -0.5305556, -0.04383424, 2.2047186
1427648003051, 0.31105423, 0.23308319, -0.2665081
1427648003062, 0.47102535, 0.44695568, -1.1402407
1427648003071, 0.0397166, 0.18135136, -1.4714785
1427648003111, -0.12911707, -0.8049382, -1.0852461
1427648003135, 0.08824241, -0.71290356, -0.37020206
1427648003146, 0.039948106, -0.5703229, -0.1276102
1427648003151, -0.1136089, -0.4562583, 0.043478966
1427648003161, -0.1598401, -0.18113196, 0.019460678
1427648003172, -0.18916363, 0.023646235, -0.04572296
1427648003182, -0.17431521, 0.1874688, -0.08254719
1427648003197, -0.07816064, 0.33384973, -0.058376312
1427648003207, -0.1927731, 0.39732438, 0.14483452
1427648003212, -0.20018715, 0.31785953, 0.17715931
1427648003225, -0.16781116, 0.23130327, 0.24132633
1427648003237, -0.08061886, 0.20036554, 0.28499794
1427648003240, -0.095140874, 0.08367795, 0.074769974
1427648003250, -0.09143555, 0.028635114, -0.0934124
1427648003261, -0.08080989, -7.623434e-05, -0.18198967
1427648003270, -0.04932499, -0.06135258, -0.22220612
1427648003281, -0.0011527538, -0.1410194, -0.2237339
1427648003302, 0.0833537, -0.1051541, -0.1330185
1427648003312, 0.1969276, -0.14541484, -0.05278492
1427648003324, 0.23415649, -0.19294633, 0.09567833
1427648003334, 0.23329389, -0.18500286, 0.076542854
1427648003344, 0.24026519, -0.19397098, 0.053572655
1427648003353, 0.22285801, -0.27009845, 0.19608688
1427648003361, 0.24723935, -0.20075588, 0.34840584
1427648003373, 0.25908303, -0.14528182, 0.25574017
1427648003382, 0.12299049, -0.08557967, -0.23977184
1427648003391, -0.15443534, 0.08476518, -0.36803055
1427648003401, -0.100563884, 0.18273382, -0.23313332
1427648003412, 0.00382483, 0.1538485, -0.1788454
1427648003423, -0.01226294, 0.1384017, -0.028154373
1427648003444, -0.0098103285, 0.07241413, 0.21498108
1427648003446, 0.14538062, 0.09623854, 0.19496918
1427648003450, 0.23888767, 0.084652275, 0.04871559
1427648003460, 0.2370789, 0.113690495, -0.21385479
1427648003471, 0.13603294, 0.006676495, -0.37028122
1427648003510, 0.1088264, -0.017643154, -0.14299583
1427648003512, 0.06407678, -0.0447603, 0.05415535
1427648003513, 0.058922887, 0.0024989843, 0.11993885
1427648003514, -0.021814823, -0.036308035, 0.05764389
1427648003521, -0.07874334, 0.016922235, 0.05377674
1427648003531, -0.07065618, 0.03652212, 0.05068302
1427648003542, -0.025879145, -0.0014280677, 0.032884598
1427648003551, 0.07123399, -0.047111124, -0.012000084
1427648003560, -0.0426116, -0.03768891, 0.051691055
1427648003570, -0.034089208, 0.03880188, -0.0046157837
1427648003580, 0.0033743382, 0.115317404, -0.08796883
1427648003591, -0.012623429, 0.099915385, -0.047390938
1427648003600, -0.07139027, 0.095255196, -0.022589684
1427648003610, -0.06477368, 0.10684997, -0.0027484894
1427648003622, 0.05544126, 0.047172725, 0.028447151
1427648003632, 0.01370728, 0.014753848, 0.091711044
1427648003644, -0.07331002, 0.027125984, 0.1040144
1427648003652, -0.08929372, 0.014039308, 0.083210945
1427648003661, -0.07909644, 0.018892914, 0.012938499
1427648003671, -0.13989162, -0.0155314505, 0.07930374
1427648003682, -0.14255905, -0.06605527, 0.17836475
1427648003691, -0.10638583, -0.045182735, 0.16567612
1427648003701, -0.077447176, -0.013161868, -0.09730244
1427648003712, -0.10026497, -0.041175276, -0.18510246
1427648003721, -0.018920422, -0.04060167, -0.14041996
1427648003732, -0.22199535, 0.028810233, 0.04855442
1427648003742, -0.23888785, -0.0765506, 0.2303791
1427648003751, 0.031071603, -0.11487061, 0.031074524
1427648003761, 0.09381026, -0.114880815, -0.27393627
1427648003771, -0.03987342, -0.0076287687, -0.32640934
1427648003783, 0.090684414, 0.039865673, -0.18451309
1427648003791, 0.18746924, 0.062538326, -0.093979836
1427648003801, 0.16529822, 0.05003065, -0.10582924
1427648003811, 0.06328547, 0.024701625, -0.19958496
1427648003821, 0.012321115, 0.00443843, -0.10603809
1427648003832, -0.089742005, 0.072503716, 0.08372116
1427648003842, -0.09477788, 0.16526324, 0.21254444
1427648003851, -0.06816083, 0.22414792, 0.25431156
1427648003861, -0.031544328, 0.087380975, 0.111512184
1427648003871, -0.00991261, -0.014371157, 0.03557968
1427648003884, -0.11519033, -0.04980412, 0.32726002
1427648003892, -0.015537858, 0.04443258, 0.21583939
1427648003901, 0.041199803, 0.073853314, -0.1108017
1427648003914, -0.058977485, -0.07882339, -0.15759468
1427648003922, 0.0064481497, -0.024751484, -0.11075306
1427648003948, 0.15838742, -0.027462661, -0.027311325
1427648003954, 0.27227747, -0.006647229, 0.10073376
1427648003958, 0.2637906, 0.040650874, 0.15720177
1427648003964, 0.05780363, 0.0018748939, -0.06577492
1427648003971, -0.03803301, -0.07511455, -0.044958115
1427648003982, -0.13002515, -0.106060326, -0.12024212
1427648003992, -0.16531163, -0.084848285, -0.11151695
1427648004001, -0.16289508, -0.09086296, 0.010385513
1427648004011, -0.0537017, -0.034383148, 0.100245476
1427648004021, 0.056637406, -0.0275065, 0.04188919
1427648004032, 0.18321598, 0.031624913, 0.010526657
1427648004041, 0.12358844, 0.0329614, 0.046728134
1427648004051, 0.052902102, -0.027260989, 0.113996506
1427648004061, 0.026998878, 0.07012856, 0.29805565
1427648004071, 0.04458356, 0.20933175, 0.53724194
1427648004082, -0.0026404858, 0.05254373, 0.14631939
1427648004091, 0.08216357, -0.14950114, 0.032779694
1427648004101, 0.28025126, -0.06597081, -0.18063545
1427648004112, 0.43106008, 0.46054024, -0.12918568
1427648004121, 0.22226489, 0.34544784, 0.49424458
1427648004132, 0.23910344, 0.29934263, 0.47967052
1427648004144, -0.03856063, 0.017292202, 0.18453884
1427648004151, -0.06915569, -0.016812086, -0.020920753
1427648004161, -0.15492332, -0.036433935, -0.16230392
1427648004171, -0.38442785, -0.09043872, -0.17581177
1427648004182, -0.4684326, -0.11831963, -0.24024868
1427648004192, -0.305793, -0.12530148, -0.17687607
1427648004201, -0.19100428, -0.07725683, -0.14150143
1427648004212, -0.12981904, -0.046482563, -0.06723213
1427648004221, -0.11917812, 0.008782625, -0.03080082
1427648004232, 0.01191777, 0.1066249, 0.11326599
1427648004241, -0.044095874, 0.108284235, 0.26682663
1427648004252, -0.058261037, 0.11727321, 0.29773712
1427648004261, 0.10662007, 0.14744872, 0.176898
1427648004271, 0.1848948, 0.056667387, 0.0036125183
1427648004282, -0.035958886, -0.03894204, -0.0737257
1427648004291, -0.20498037, -0.15373674, -0.1892252
1427648004301, -0.43213487, -0.06169778, -0.2433176
1427648004312, -0.32272354, -0.011050999, -0.18699265
1427648004321, -0.1892258, 0.052450716, -0.18790054
1427648004332, -0.09008908, 0.16454369, -0.15032005
1427648004342, 0.06583476, 0.30784827, -0.120256424
1427648004352, 0.21355814, 0.3765232, -0.26475716
1427648004361, 0.21681523, 0.2092812, -0.11986828
1427648004372, 0.0968377, -0.10072565, 0.07265663
1427648004382, 0.085131645, -0.27211666, 0.65571785
1427648004391, 0.18302703, -0.06446439, 0.66248035
1427648004401, 0.26900476, 0.08633447, 0.64490604
1427648004411, 0.37609422, 0.21463507, 0.5235863
1427648004438, 0.56136453, 0.462843, 0.4112072
1427648004442, 0.42610717, 0.45455027, 0.4132414
1427648004446, 0.2949171, 0.40960896, 0.430192
1427648004466, -0.08584702, -0.28522843, -0.061903
1427648004473, -0.2908597, -0.57294774, -0.4325943
1427648004485, -0.3169636, -0.5732799, -0.68317986
1427648004488, -0.2765553, -0.4662854, -0.83767796
1427648004490, -0.30552012, -0.42665845, -0.89998627
1427648004500, -0.40530652, -0.5941545, -0.98813915
1427648004510, -0.29359937, -0.46766216, -0.8288183
1427648004522, -0.12761927, -0.3204996, -0.5557947
1427648004532, 0.0128263235, 0.09602681, 0.061019897
1427648004543, 0.071552634, 0.27601904, 0.38591957
1427648004552, 0.11087221, 0.41235137, 0.6075325
1427648004561, 0.07337487, 0.48311007, 0.70054626
1427648004571, 0.15829867, 0.44011813, 0.8209257
1427648004582, 0.019378722, 0.42104757, 0.6720638
1427648004591, -0.16071022, 0.3215152, 0.5223284
1427648004606, -0.228167, 0.14229047, 0.32592487
1427648004613, -0.10591918, 0.16746241, 0.14581776
1427648004626, -0.19965696, 0.2105844, 0.2468977
1427648004638, -0.23634005, 0.25274336, 0.2894554
1427648004643, -0.2427021, 0.16388738, 0.1396265
1427648004650, -0.30142194, -0.022118926, 0.05041027
1427648004661, -0.4173508, -0.16326267, -0.05927086
1427648004672, -0.46412522, -0.2455318, -0.23895264
1427648004682, -0.3559773, -0.24239415, -0.382699
1427648004691, -0.20050594, -0.16326952, -0.3597889
1427648004702, -0.10677464, -0.24553728, -0.47936726
1427648004711, 0.029501975, -0.31901294, -0.5367222
1427648004737, 0.32239792, -0.41610068, -0.5596218
1427648004742, 0.34985572, -0.34820345, -0.6162491
1427648004744, 0.27988458, -0.30154708, -0.5619526
1427648004753, 0.14729321, -0.25656056, -0.44956207
1427648004762, -0.020071447, -0.18226415, -0.38263416
1427648004771, -0.100333065, -0.13048843, -0.191185
1427648004782, -0.026636332, -0.0277763, 0.00028038025
1427648004792, 0.2621644, 0.04673198, 0.13813019
1427648004801, 0.5774809, 0.2902133, 0.37865448
1427648004811, 0.44666183, 0.31644648, 0.4101839
1427648004821, 0.30369937, 0.35275596, 0.32814693
1427648004838, 0.12803775, 0.3971265, 0.19356441
1427648004844, 0.064123034, 0.4173, 0.13952827
1427648004852, 0.12025148, 0.35682434, 0.21888256
1427648004862, 0.14216983, 0.2701366, 0.25172138
1427648004871, 0.09841299, 0.20844787, 0.16306973
1427648004882, -0.12812859, 0.20506549, -0.0687418
1427648004893, -0.22508603, 0.11042237, -0.12394714
1427648004901, -0.28732902, 0.027046323, -0.21407986
1427648004912, -0.3754307, -0.22352928, -0.27086258
1427648004922, -0.26203734, -0.21713066, -0.23201275
1427648004954, -0.18664554, -0.18136597, -0.24690151
1427648004965, -0.17996222, -0.15275419, -0.2358284
1427648004967, -0.2742144, -0.11454189, -0.20398521
1427648004971, -0.11211124, -0.06864917, -0.09423542
1427648004972, 0.009909749, -0.024273574, -0.014097214
1427648004980, 0.046235025, -0.019418895, 0.034690857
1427648004990, 0.11360252, 0.038094997, 0.07372093
1427648005001, 0.052574754, 0.030475974, 0.112607
1427648005011, -0.0039088726, 0.009057879, 0.23565292
1427648005021, -0.04909575, 0.037892044, 0.26513672
1427648005033, -0.09290671, 0.24483418, 0.34235477
1427648005041, 0.0022891164, 0.4027264, 0.36582088
1427648005054, -0.036475956, 0.4371028, 0.41523933
1427648005063, -0.04450366, 0.53355694, 0.3015461
1427648005071, 0.010365725, 0.51878285, 0.17228317
1427648005083, -0.16025919, 0.44567204, 0.05355072
1427648005091, -0.25079048, 0.3718605, -0.0644207
1427648005103, -0.3691842, 0.2515198, -0.27371883
1427648005111, -0.41026902, 0.093955636, -0.31857395
1427648005121, -0.41249114, -0.0014499426, -0.49236393
1427648005132, -0.3606387, -0.16971183, -0.5164747
1427648005144, -0.096974835, -0.3043213, -0.59705544
1427648005154, 0.006696034, -0.34305584, -0.56192017
1427648005162, 0.058986947, -0.42767352, -0.53381157
1427648005171, 0.14678834, -0.4340762, -0.5189867
1427648005182, 0.1557379, -0.39322954, -0.4151888
1427648005191, 0.032652974, -0.38353664, -0.19424534
1427648005201, 0.04144527, -0.3757823, 0.059123993
1427648005212, -0.005151011, -0.3695789, 0.33077335
1427648005221, 0.19507678, -0.47187632, 0.66301346
1427648005232, 0.1867072, -0.4924228, 0.5150881
1427648005242, 0.26428747, -0.6007973, 0.4810238
1427648005254, 0.74006975, -0.77177274, 0.36949635
1427648005262, 0.7376232, -0.8166158, 0.1806755
1427648005272, 0.6130829, -0.8371673, -0.09296417
1427648005284, 0.41385198, -0.70804113, -0.41147518
1427648005291, 0.27745146, 0.031159818, -0.94209576
1427648005303, 0.09937811, 0.06323509, -0.960536
1427648005311, -0.05840355, -0.15627095, -0.8910122
1427648005321, 0.045214474, -0.35486013, -0.881361
1427648005332, 0.38859808, -0.3068725, -0.91960907
1427648005341, 0.4641074, -0.03863892, -0.75867176
1427648005355, 0.578145, 0.08401054, -0.55330753
1427648005363, 0.4931618, 0.059546977, -0.3200636
1427648005371, 0.06508732, -0.03663832, -0.17943668
1427648005382, -0.16245079, -0.044633508, -0.17419529
1427648005392, -0.5206943, -0.11998272, -0.20064735
1427648005401, -0.88390356, -0.18026209, -0.145195
1427648005411, -1.1591482, 0.123940945, 0.32820797
1427648005423, -0.8890113, 0.28302744, 0.6149931
1427648005434, -0.58862597, 0.4256195, 0.75248337
1427648005453, -0.2410574, 0.73122936, 1.4217615
1427648005455, 0.0063516498, 0.6003064, 1.4821749
1427648005461, 0.23492467, 0.51855236, 1.3159838
1427648005470, 0.31818432, 0.3918575, 0.97617245
1427648005482, 0.23156315, 0.014689654, 0.5664177
1427648005490, 0.20057338, -0.07252419, 0.27692032
1427648005500, 0.2140888, -0.11931091, -0.10790539
1427648005512, 0.16360962, -0.17206319, -0.3851204
1427648005521, -0.23686168, -0.3138638, -0.47664928
1427648005535, -0.28908816, -0.22044528, -0.48857975
1427648005541, -0.15465611, -0.107403204, -0.40618706
1427648005554, 0.14442575, 0.1285979, -0.03381443
1427648005562, 0.35304534, 0.27143013, 0.12617683
1427648005571, 0.51227975, 0.37803447, 0.23884773
1427648005580, 0.4251467, 0.40968782, 0.2370472
1427648005590, 0.17156553, 0.36605752, 0.11302376
1427648005601, 0.19854403, 0.21623152, -0.16240883
1427648005611, 0.11286652, 0.019756347, -0.22186565
1427648005621, -0.085920036, -0.29831418, -0.844038
1427648005633, -0.13002753, -0.08542243, -0.9050741
1427648005641, 0.17945147, -0.29818133, -0.27969456
1427648005656, 0.105253816, -0.9050908, -0.13947964
1427648005664, -0.015395761, -0.77004135, -0.019646645
1427648005671, -0.17320698, -0.17933068, -0.054024696
1427648005682, -0.077273965, -0.15878744, -0.1887865
1427648005692, 0.022456646, 0.0108760595, -0.2659502
1427648005702, -0.05098766, 0.26919, -0.1591301
1427648005711, -0.07909739, 0.30728936, 0.30173683
1427648005721, -0.0019863844, 0.32244593, 0.5784931
1427648005732, 0.10567117, 0.24263385, 0.69263744
1427648005741, 0.16881287, 0.24007577, 0.8069372
1427648005752, 0.050774336, 0.2380293, 0.6915188
1427648005764, -0.14325523, 0.021871641, 0.30038738
1427648005771, -0.34444755, 0.07112743, 0.06409645
1427648005782, -0.49007854, 0.07988629, -0.1019516
1427648005792, -0.36141708, 0.06390904, 0.07932854
1427648005801, 0.09393859, 0.18137184, 0.29330635
1427648005813, 0.34330142, 0.16042033, 0.51811886
1427648005821, 0.43553156, 0.1513206, 0.7362757
1427648005832, 0.34842527, 0.16702515, 0.7575722
1427648005842, 0.23277152, 0.04168278, 0.66734886
1427648005852, 0.2092017, -0.09689835, 0.5568638
1427648005868, -0.07014346, -0.11582591, 0.37653828
1427648005873, -0.14805204, -0.12330651, 0.31655407
1427648005882, -0.14908743, -0.12162955, 0.2379198
1427648005892, -0.14225423, -0.081980765, 0.31291866
1427648005902, 0.3612063, 0.1029672, 0.45719433
1427648005911, 0.6950216, 0.27390987, 0.5343065
1427648005921, 0.71690774, 0.24977371, 0.4810753
1427648005932, 0.5811876, 0.023605734, 0.2163086
1427648005957, -0.30119455, -0.56338525, -0.87657166
1427648005964, -0.98411596, -0.88741064, -1.252881
1427648005966, -1.4308541, -1.0776778, -1.4619913
1427648005970, -1.7039688, -1.11497, -1.399436
1427648005980, -2.221257, -1.1524652, -0.9433365
1427648005991, -1.6850684, -0.8070505, -0.38691998
1427648006001, -0.9266752, -0.27789104, 0.21910286
1427648006010, -0.17439318, 0.2833426, 0.7498913
1427648006022, 0.80284333, 0.9545114, 1.6418695
1427648006032, 0.65759754, 0.78659344, 1.4514008
1427648006041, 0.47244793, 0.6369362, 1.1841049
1427648006051, 0.08682339, 0.3639815, 0.7251024
1427648006061, -0.42853522, -0.02293405, 0.37322235
1427648006071, -0.66460896, -0.25585204, -0.05384922
1427648006082, -0.6006402, -0.41154066, -0.44147396
1427648006091, -0.54180366, -0.71230483, -0.98141766
1427648006101, -0.47175026, -0.6464583, -1.0532846
1427648006111, -0.26247847, -0.54781246, -1.0341635
1427648006121, 0.11179787, -0.38461995, -0.98822117
1427648006132, 0.7636455, -0.039545298, -0.98211384
1427648006141, 0.87906706, 0.04497826, -0.86230564
1427648006154, 0.9943886, 0.14324284, -0.71282864
1427648006162, 0.9947084, 0.18354732, -0.6622
1427648006172, 0.5889077, 0.13917637, -0.56040573
1427648006182, 0.22595993, 0.050049543, -0.4866314
1427648006192, 0.1424607, 0.070685446, -0.4199505
1427648006202, -0.046921782, 0.09485561, -0.38192844
1427648006234, -0.32101092, 0.08354592, -0.25191307
1427648006234, -0.44068342, 0.0974825, -0.10193157
1427648006234, -0.39085397, 0.17758483, 0.018053055
1427648006240, -0.38163617, 0.3106197, 0.16000938
1427648006250, -0.32063186, 0.30978733, 0.17397594
1427648006262, -0.15690672, 0.30145997, 0.10853481
1427648006270, -0.056572318, 0.26415232, 0.10215092
1427648006281, -0.0069506466, 0.042770058, 0.12002754
1427648006292, -0.013221949, -0.088367075, 0.08836079
1427648006302, 0.012406766, -0.15496957, 0.17794895
1427648006312, 0.11718565, -0.1316371, 0.272604
1427648006321, 0.06310275, -0.013372302, 0.73139954
1427648006336, -0.11040816, 0.019947946, 0.7996397
1427648006343, -0.18026388, 0.031281292, 0.80826473
1427648006352, -0.32042432, -0.036266565, 0.6849184
1427648006364, -0.36359972, -0.28184098, 0.55559635
1427648006382, -0.2908798, -0.3403945, 0.4751234
1427648006396, -0.2250424, -0.36425292, 0.44139004
1427648006402, 0.35626724, 0.09166998, 0.7668295
1427648006407, 0.61445594, 0.2648721, 0.7973385
1427648006412, 0.667778, 0.15060616, 0.4156885
1427648006420, 0.49591517, 0.028547645, -0.3646412
1427648006437, -0.5532871, -0.35257274, -1.5481901
1427648006441, -0.6954574, -0.57319313, -1.2615366
1427648006450, -0.28055388, -0.6500907, -1.0245523
1427648006460, 0.08967617, -0.5737027, -1.0035162
1427648006471, 0.66167223, -0.1371814, -0.8257971
1427648006481, 0.5599836, -0.0024849176, -0.28522682
1427648006502, 0.34072664, 0.112933755, 0.36174965
1427648006504, 0.3338729, 0.18994582, 0.8946543
1427648006518, 0.88767546, 0.58099765, 1.3822689
1427648006521, 0.6028801, 0.5414126, 1.1594458
1427648006533, -0.031012774, 0.2415939, 1.0424795
1427648006540, -0.7296632, -0.22044289, 0.9642277
1427648006550, -0.87486553, -0.42918205, 0.9859028
1427648006566, -0.4623876, -0.2743926, 0.8346901
1427648006573, -0.21668118, -0.14289963, 0.61412144
1427648006582, 0.31698757, 0.14616936, 0.20016193
1427648006591, 0.19229849, 0.06330538, -0.13100529
1427648006601, 0.054240003, -0.07193875, -0.5644903
1427648006612, 0.11234502, -0.14182687, -1.0108786
1427648006621, -0.03270711, -0.34330487, -1.7817068
1427648006635, -0.19471751, -0.3665812, -1.7701311
1427648006643, -0.28601855, -0.4005251, -1.6153021
1427648006652, -0.15986186, -0.2897743, -1.4914389
1427648006664, 0.4543804, 0.15891433, -1.1088753
1427648006671, 0.5167332, 0.33399045, -0.72620964
1427648006682, 0.41338658, 0.52002007, -0.33580208
1427648006693, 0.21578759, 0.638198, 0.045477867
1427648006703, -0.11850485, 0.79403186, 0.4577608
1427648006712, 0.027779251, 0.8191002, 0.557745
1427648006721, 0.11416075, 0.8468163, 0.57643986
1427648006732, 0.13729727, 0.80769765, 0.53776646
1427648006742, 0.2630667, 0.7840642, 0.4838438
1427648006751, 0.34069797, 0.6655586, 0.4407053
1427648006764, 0.088683665, 0.47115532, 0.22998142
1427648006772, -0.38873976, 0.22369534, -0.045858383
1427648006782, -0.3033304, 0.14064902, -0.036686897
1427648006791, -0.26564866, 0.020581871, -0.0829792
1427648006802, -0.29679483, -0.06781039, 0.010231018
1427648006811, -0.47494066, -0.11553986, 0.10778332
1427648006821, -0.31866097, -0.031140327, 0.19348717
1427648006832, -0.19363722, 0.067025095, 0.37697124
1427648006843, -0.08595678, 0.16088033, 0.5927124
1427648006851, 0.28366107, 0.36620903, 0.76530457
1427648006863, 0.43378788, 0.43087327, 0.55095196
1427648006873, 0.23210862, 0.39066732, 0.18793297
1427648006882, -0.11310947, 0.15930486, 0.11203861
1427648006892, -0.45823696, -0.30925852, 0.15092373
1427648006901, -0.3512667, -0.40063578, 0.090091705
1427648006911, -0.21972176, -0.44309175, 0.010782242
1427648006922, -0.10682443, -0.3927806, -0.15992546
1427648006935, -0.25401133, -0.56705225, -0.4573822
1427648006942, -0.40240663, -0.5379177, -0.6263952
1427648006976, -0.5364458, -0.4686414, -0.6160383
1427648006983, -0.5517398, -0.41322035, -0.21701813
1427648006985, -0.081303895, -0.16202447, 0.19413471
1427648006986, 0.4482737, 0.10022378, 0.58434963
1427648006990, 0.71104544, 0.31768382, 0.8352289
1427648007000, 0.5152063, 0.39205307, 0.9899645
1427648007011, 0.09804575, 0.27533525, 0.7230177
1427648007020, -0.3122971, 0.09002363, 0.51712227
1427648007031, -0.66355574, -0.058225673, 0.329422
1427648007042, -0.38527715, -0.23811668, 0.033694267
1427648007051, -0.23926866, -0.22880057, -0.17224216
1427648007061, -0.3523053, -0.31328505, -0.26803875
1427648007076, -0.4044273, -0.36554974, -0.34467697
1427648007083, -0.3924948, -0.27711686, -0.6434908
1427648007091, -0.107136846, -0.09144893, -0.6067295
1427648007103, 0.059857965, 0.018778205, -0.56965923
1427648007111, 0.09385508, 0.022684038, -0.60895634
1427648007122, 0.17468286, 0.025808662, -0.7553158
1427648007132, 0.14740771, 0.051292717, -0.6655445
1427648007142, 0.094941854, 0.018049836, -0.52477455
1427648007151, 0.2521667, 0.12170012, -0.22062206
1427648007164, 0.58480567, 0.32720348, 0.09931469
1427648007178, 0.6593807, 0.36136156, 0.22501945
1427648007185, 0.5811347, 0.42699528, 0.3868742
1427648007192, 0.05118969, 0.24965888, 0.66192627
1427648007203, 0.08692044, 0.26101866, 0.5755091
1427648007211, 0.19978094, 0.29309082, 0.49105358
1427648007221, 0.25942355, 0.25745702, 0.4617958
1427648007232, 0.13092437, 0.16765839, 0.18556213
1427648007241, 0.14304674, 0.04218936, -0.043087006
1427648007252, 0.16806751, -0.10415453, -0.20302105
1427648007261, 0.065501004, -0.25187543, -0.30032253
1427648007272, -0.1314739, -0.37005216, -0.14065933
1427648007286, -0.028564662, -0.36499473, -0.035913467
1427648007292, 0.21465307, -0.2766729, 0.024899483
1427648007301, 0.25599837, -0.14472386, -0.02604866
1427648007312, 0.19713724, 0.060434155, -0.2200365
1427648007321, 0.26497006, 0.20157623, -0.14538383
1427648007332, 0.1889917, 0.2608598, -0.10098457
1427648007342, 0.20482346, 0.36191675, -0.05014229
1427648007351, 0.102567196, 0.35082495, -0.12438965
1427648007364, -0.07117514, 0.15807685, -0.15314198
1427648007372, -0.21016902, -0.003783077, -0.20678902
1427648007388, -0.19111955, 0.05826509, -0.17309284
1427648007394, -0.022651076, 0.17685667, -0.13081264
1427648007402, 0.21172252, 0.21809977, 0.05624008
1427648007411, 0.39155993, 0.18980277, 0.07563782
1427648007421, 0.7652733, 0.20547235, -0.062072754
1427648007432, 0.32874513, -0.06546551, -0.32547092
1427648007442, -0.12773761, -0.28221577, -0.4978819
1427648007452, -0.53123105, -0.3253714, -0.62814903
1427648007476, -0.73910415, -0.34457302, -0.4948578
1427648007483, -0.55297613, -0.24501264, -0.21967316
1427648007486, -0.5573026, -0.2573017, 0.054104805
1427648007493, -0.8672216, -0.37439317, 0.31909657
1427648007500, -0.76273024, -0.3148374, 0.18632412
1427648007510, -0.4952625, -0.32082295, 0.018814087
1427648007521, -0.36556423, -0.26431978, -0.10753155
1427648007532, -0.46100318, -0.3570233, -0.20094681
1427648007541, -0.26920378, -0.34691018, -0.091804504
1427648007552, 0.068110466, -0.22389805, 0.1027689
1427648007561, 0.46054503, -0.09484255, 0.2660904
1427648007573, 1.1575649, 0.27655247, 0.77981853
1427648007583, 1.0179893, 0.3744709, 1.1371717
1427648007591, 0.8143915, 0.406837, 1.4000702
1427648007601, 0.62852883, 0.48635992, 1.4494972
1427648007611, 0.5104845, 0.45804098, 1.5503321
1427648007621, 0.35475752, 0.24384964, 1.1330051
1427648007632, 0.23017588, 0.018866464, 0.59228516
1427648007641, 0.1305106, -0.22241163, 0.052449226
1427648007656, -0.4165698, -0.6222931, -0.8391075
1427648007666, -0.75463533, -0.7736466, -0.98540497
1427648007673, -0.9101661, -0.85642207, -1.1713963
1427648007682, -0.9426533, -0.8000593, -1.2512369
1427648007693, -1.1755023, -0.8009379, -1.3074465
1427648007702, -0.8944331, -0.6637347, -1.0076494
1427648007711, -0.4857031, -0.45437324, -0.6835365
1427648007721, -0.25831795, -0.32519138, -0.17141819
1427648007732, -0.04576397, -0.3061217, 0.0007724762
1427648007741, 0.11661774, -0.26788175, 0.061909676
1427648007753, 0.20055443, -0.19898236, 0.08783436
1427648007772, 0.16044354, -0.20515466, 0.2311573
1427648007776, 0.23561507, -0.16412377, 0.422431
1427648007782, 0.21913785, -0.10831475, 0.6520643
1427648007792, 0.19829464, 0.020608544, 0.93536854
1427648007801, 0.5646923, 0.31528318, 1.353549
1427648007812, 0.68159723, 0.3211795, 1.1977606
1427648007821, 0.7981055, 0.26460505, 0.8432865
1427648007832, 0.6767916, 0.09676242, 0.47543144
1427648007841, 0.1890068, -0.5048599, -0.41644573
1427648007852, 0.10523677, -0.6260698, -0.7545357
1427648007861, 0.015236411, -0.6540848, -0.9560547
1427648007875, -0.07208677, -0.66117394, -0.9717035
1427648007882, 0.17217395, -0.4753089, -0.8309927
1427648007891, 0.26032227, -0.31895566, -0.53454876
1427648007901, 0.26954943, -0.20153451, -0.31271744
1427648007912, 0.24628532, -0.06162858, 0.010314941
1427648007921, 0.28896558, -0.010995626, 0.046559334
1427648007932, 0.29246408, 0.12144804, 0.021924019
1427648007942, 0.15735677, 0.1201427, 0.032862663
1427648007967, 0.18717694, 0.027160883, 0.049274445
1427648007974, 0.44087648, 0.15197349, 0.016435623
1427648007975, 0.65149754, 0.22883904, 0.11274719
1427648007981, 0.452245, 0.11411834, 0.1668129
1427648007990, -0.013614833, -0.107903, 0.12578869
1427648008001, -0.31734967, -0.15527534, 0.06998539
1427648008010, -0.74421227, -0.2851107, 0.010019302
1427648008020, -1.0244107, -0.35067153, 0.09229088
1427648008034, -1.3481684, -0.3877976, 0.1964159
1427648008041, -1.2930552, -0.26426935, 0.2184248
1427648008051, -0.9501683, -0.15778542, 0.2896614
1427648008061, -0.33875507, -0.06493664, 0.30834293
1427648008073, 0.5257863, 0.07829523, 0.29264355
1427648008083, 0.32869166, 0.031990528, 0.07322407
1427648008091, 0.20932324, -0.21957374, -0.14828014
1427648008103, -0.16198355, -0.56639266, -0.7315397
1427648008111, -0.4130603, -0.7595718, -0.89169025
1427648008121, -0.51432294, -0.81451654, -0.7746439
1427648008133, -0.5187186, -0.7665348, -0.65036106
1427648008141, -0.76740134, -0.5136292, -0.25979996
1427648008151, -0.31512475, -0.31896615, 0.0066814423
1427648008164, 0.20758694, -0.086621046, 0.1968813
1427648008172, 0.51849604, 0.16054654, 0.15750504
1427648008182, 0.80553055, 0.38126493, 0.32520103
1427648008194, 0.5141799, 0.197752, 0.16056156
1427648008202, 0.35005236, -0.048657417, -0.07074833
1427648008212, 0.08084431, -0.17683196, -0.32474995
1427648008221, -0.45630282, -0.32534003, -0.22149277
1427648008232, -0.5565784, -0.32156348, 0.014342308
1427648008243, -0.44526273, -0.14232922, 0.07276535
1427648008253, -0.47113192, 0.25388598, 0.29571724
1427648008262, -0.047463298, 0.53255105, 0.25955772
1427648008272, 0.6975281, 0.87806606, 0.24595356
1427648008282, 1.6689321, 1.1621398, 0.23507023
1427648008297, 0.40044934, 1.0063262, 0.36426926
1427648008303, -0.959102, 0.58287895, 0.32972336
1427648008312, -1.6330248, 0.40501177, 0.27910137
1427648008321, -1.6205392, 0.47723818, 0.23860455
1427648008332, -1.5186132, 0.9180918, 0.36709595
1427648008341, -1.1612606, 0.94133246, 0.35496807
1427648008352, -0.33141565, 1.1054924, 0.30695915
1427648008363, 0.34012175, 1.1755289, 0.054031372
1427648008372, 1.5592203, 1.3847871, -0.5313835
1427648008382, 1.415928, 1.4525946, -0.4404297
1427648008398, 0.5887798, 1.2157059, -0.1991148
1427648008404, -0.0729388, 0.9878876, 0.07055092
1427648008412, -0.34182453, 0.9895077, 0.4548359
1427648008421, -0.18918371, 1.0214496, 0.5170975
1427648008432, -0.2126385, 1.0853102, 0.6818285
1427648008441, -0.16244936, 1.0904301, 0.88256645
1427648008452, 0.26843572, 1.3703382, 1.0661402
1427648008474, 0.73572683, 1.310791, 0.5617771
1427648008477, 1.6381996, 1.3167834, -0.24777031
1427648008482, 2.4980838, 0.9921353, -1.3321095
1427648008490, 1.1403852, 0.2497456, -1.3798075
1427648008500, 0.05422622, -0.3365047, -1.5482101
1427648008511, -0.316707, -0.55267715, -1.9893899
1427648008520, -0.31465715, -0.47278738, -2.1584587
1427648008531, -0.33600163, -0.17137098, -1.7114439
1427648008542, -0.52929044, 0.016132116, -1.1239886
1427648008551, -0.5766613, 0.21976471, -0.55442667
1427648008561, -0.08591819, 0.70445156, 0.35324955
1427648008573, 0.32199916, 0.7550974, 0.6426878
1427648008583, 0.8398692, 0.6347239, 0.920207
1427648008597, 0.9477074, 0.55374765, 0.85874844
1427648008602, 0.122265935, 0.03694153, 1.0087795
1427648008612, -0.30824387, -0.2615819, 0.8606539
1427648008621, -0.43813124, -0.4620931, 0.74215317
1427648008633, -0.419458, -0.63016355, 0.24129677
1427648008641, -0.23596762, -0.6573596, 0.06279278
1427648008652, -0.16578977, -0.78637683, -0.01871872
1427648008664, -0.18626192, -0.7976533, 0.15357685
1427648008672, -0.18731675, -0.7607057, 0.3297205
1427648008684, 0.07232851, -0.5932417, 0.21014595
1427648008695, 0.44859654, -0.21410418, 0.007226944
1427648008702, 0.61936635, 0.08920586, -0.13978577
1427648008713, 0.058790714, 0.19394791, 0.2789049
1427648008722, -0.19813369, 0.13217402, 0.62152004
1427648008732, -0.20447563, -0.016843915, 0.9032726
1427648008741, -0.07164316, -0.028797984, 0.87584686
1427648008752, 0.22615896, -0.0766685, 0.1796999
1427648008762, 0.21923439, -0.14561069, 0.16674423
1427648008772, 0.32095498, -0.18544161, 0.110411644
1427648008782, 0.31805557, -0.24029064, -0.0036087036
1427648008797, 0.024601087, -0.5599819, 0.31889248
1427648008802, 0.21121702, -0.4250012, 0.10954666
1427648008812, 0.2455881, -0.4242769, 0.041668892
1427648008821, 0.22711623, -0.4313588, -0.1275549
1427648008832, 0.4191978, -0.636222, -0.17865849
1427648008843, 0.56520164, -0.74648243, -0.16591167
1427648008851, 0.7662806, -0.7274305, -0.079099655
1427648008861, 0.6513318, -0.86541796, 0.08228779
1427648008872, 0.4597739, -0.8455633, -0.010784149
1427648008882, 0.42144918, -0.768388, -0.17717934
1427648008897, 0.34482086, -0.6453562, -0.18005085
1427648008903, -0.01527822, -0.53926927, -0.07508755
1427648008911, -0.37231052, -0.51569134, -0.08305454
1427648008921, -0.6655978, -0.3972302, 0.0025091171
1427648008932, -0.71635294, -0.16455519, 0.2012043
1427648008943, -0.16702574, 0.55788594, 0.55935764
1427648008953, 0.080899894, 0.6531678, 0.7386217
1427648008983, 0.018751264, 0.5148728, 0.8590479
1427648008987, -0.40637848, 0.21270068, 0.6949005
1427648008993, -2.0029593, -0.74921286, 0.14220238
1427648008994, -1.9777783, -0.9517968, -0.3918934
1427648009000, -1.5056083, -0.86103624, -0.77320194
1427648009010, -0.73713845, -0.45132422, -0.74114513
1427648009021, 0.643782, 0.3514551, -0.14089108
1427648009031, 1.1432642, 0.61060625, 0.048176765
1427648009040, 1.3283294, 0.7336512, 0.39096737
1427648009052, 1.0396792, 1.0542692, 0.91036606
1427648009061, 0.5635928, 0.9200298, 1.08072
1427648009071, 0.32062966, 0.83562267, 1.0561123
1427648009082, 0.27182662, 0.72978973, 0.8985195
1427648009093, 0.539242, 0.6144776, 0.15952969
1427648009101, 0.3624406, 0.28472304, -0.3473854
1427648009111, 0.052447617, 0.0055965185, -0.7605791
1427648009121, -0.25683832, -0.2483505, -1.1524267
1427648009132, -0.75709474, -0.89587194, -1.8259916
1427648009141, -0.62866014, -0.931218, -1.8974953
1427648009151, -0.380345, -0.944172, -1.9087305
1427648009161, -0.15104708, -0.8319521, -1.9023948
1427648009174, -0.14382201, -0.6272545, -1.8130512
1427648009185, -0.076750375, -0.36389756, -1.3355193
1427648009192, 0.10715151, -0.07659757, -0.86921835
1427648009202, 0.26193443, 0.12259668, -0.2739954
1427648009213, 0.5543126, 0.41985804, 0.41670322
1427648009221, 0.52772605, 0.42016235, 0.47892952
1427648009234, 0.52944106, 0.42806724, 0.5746794
1427648009241, 0.615089, 0.47269836, 0.7891855
1427648009251, 0.46908677, 0.42412737, 0.6236868
1427648009262, 0.21437913, 0.20139588, 0.4299965
1427648009271, -0.07366294, -0.061065212, 0.23673725
1427648009285, -0.34240383, -0.29401845, -0.20900631
1427648009292, -0.3658604, -0.29650632, -0.26680374
1427648009301, -0.30034974, -0.29083517, -0.26707363
1427648009311, -0.19431111, -0.25565252, -0.27495003
1427648009322, -0.040527225, -0.3271051, -0.41915703
1427648009332, 0.04419267, -0.27700698, -0.4425869
1427648009341, 0.035354137, -0.31354296, -0.3081007
1427648009351, 0.051267624, -0.2891416, -0.17752647
1427648009361, 0.16359723, -0.3692193, -0.011776924
1427648009374, 0.16918498, -0.38731277, 0.013563156
1427648009385, 0.19663954, -0.40944904, -0.035118103
1427648009391, 0.17263454, -0.31989777, -0.22729301
1427648009402, 0.15343058, -0.064382076, -0.24312592
1427648009413, 0.30661905, 0.3162437, -0.20982361
1427648009421, 0.3755399, 0.50582266, 0.031339645
1427648009434, 0.216156, 0.7187774, 0.59967995
1427648009442, 0.14994049, 0.8661569, 0.70958805
1427648009453, -0.0026308298, 0.9457532, 0.68259144
1427648009462, -0.30856246, 0.7872484, 0.70696354
1427648009492, -0.34644872, 0.56084573, 0.5962162
1427648009503, -0.2618361, 0.27246332, 0.41568184
1427648009504, -0.37035927, -0.05784139, 0.12568665
1427648009505, -0.21967298, -0.23780924, -0.26720047
1427648009510, 0.49846876, -0.51968956, -0.8343382
1427648009520, 0.74354005, -0.41575164, -0.7287617
1427648009531, 0.8323369, -0.16404954, -0.6902695
1427648009540, 0.5432863, 0.006666392, -0.5752001
1427648009550, 0.12050974, 0.6182487, -0.10007191
1427648009562, 0.027454734, 0.78573394, 0.14978504
1427648009571, 0.029625177, 0.89673775, 0.2347498
1427648009582, 0.23822069, 1.4605503, 0.6857939
1427648009593, 0.19057655, 1.4212682, 0.7478323
1427648009603, 0.060523987, 1.2289519, 0.72084904
1427648009611, -0.028195262, 0.92953146, 0.6762781
1427648009623, 0.061719656, 0.42184436, 0.31117916
1427648009632, 0.08768284, 0.06166351, 0.118699074
1427648009642, 0.13909924, -0.2264812, -0.042946815
1427648009651, 0.16490948, -0.48764288, -0.095648766
1427648009662, 0.25451064, -0.9800455, -0.038211823
1427648009674, 0.18828559, -1.0215412, -0.0075855255
1427648009683, 0.028045297, -1.0317535, -0.05203724
1427648009694, -0.06950116, -1.0246004, -0.171875
1427648009702, -0.07858515, -1.1337996, -0.57420254
1427648009712, -0.17012846, -1.0143, -0.5512991
1427648009721, -0.2663473, -0.78845567, -0.55596066
1427648009732, -0.43525994, -0.60778016, -0.5290451
1427648009742, -0.915155, -0.07250607, -0.20871544
1427648009751, -1.0309204, 0.09522405, 0.0705328
1427648009761, -0.90135074, 0.29836118, 0.247962
1427648009772, -0.41462275, 0.88225037, 0.79596233
1427648009782, -0.24742231, 0.88967496, 0.9662113
1427648009794, -0.09833908, 0.91093755, 1.0487814
1427648009802, 0.11286491, 0.93560916, 1.0305614
1427648009812, 0.25118232, 0.6335656, 0.9700165
1427648009821, 0.31586748, 0.238702, 0.50786304
1427648009832, 0.29100126, -0.023558915, 0.107494354
1427648009843, 0.1255408, -0.2716748, -0.17449379
1427648009851, -0.11408788, -0.87622416, -0.8827553
1427648009863, -0.09127033, -1.0610673, -0.97435474
1427648009871, -0.019386172, -1.0480515, -1.0093269
1427648009882, -0.08446193, -0.9457015, -0.86875343
1427648009894, 0.055013537, -0.7259153, -0.7026644
1427648009903, 0.17425537, -0.48879495, -0.43188667
1427648009911, 0.20835733, -0.4370047, -0.20760345
1427648009921, 0.04410267, -0.456864, -0.20438957
1427648009932, -0.4090817, -0.1433093, -0.26311016
1427648009941, -0.5877545, 0.07688874, 0.06532383
1427648009952, -0.6234325, 0.30667725, 0.24379444
1427648009963, -0.29188696, 0.59010684, 1.0071487
1427648009972, -0.241171, 0.6329758, 1.0432243
1427648009998, -0.21592113, 0.78985417, 1.1563597
1427648010007, -0.027169466, 0.7544665, 1.2162228
1427648010011, 0.28472224, 0.6265575, 1.1568537
1427648010012, 0.4576211, 0.8460111, 0.772254
1427648010020, 0.5116644, 0.89899075, 0.68675613
1427648010030, 0.2867484, 0.7191926, 0.64900494
1427648010041, -0.49843863, 0.64430714, 0.6724329
1427648010051, -0.60560995, 0.49246144, 0.36173344
1427648010061, -0.5227952, 0.31735468, -0.03239441
1427648010072, -0.23436145, 0.039363265, -0.37834167
1427648010082, 0.05767709, -0.7040082, -0.6780844
1427648010091, 0.3525995, -0.8007114, -0.8489256
1427648010103, 0.2667567, -0.862751, -0.8170471
1427648010112, -0.0087765455, -0.9736743, -0.76855946
1427648010121, -0.68122846, -0.9857985, -1.5112381
1427648010134, -0.40707678, -0.9878364, -0.43518448
1427648010141, -0.2567084, -0.88986796, -0.47839165
1427648010151, -0.84892815, -0.51269674, -0.2754526
1427648010161, -0.64849675, -0.18797553, -0.2586689
1427648010171, -0.24298537, 0.08712441, -0.14564419
1427648010182, 0.15803823, 0.18462121, 0.075021744
1427648010198, 0.41756552, 0.23197286, 0.3817978
1427648010205, 0.3646982, 0.34646863, 0.22882366
1427648010213, 0.39135736, 0.48403394, 0.20604324
1427648010222, 0.4203461, 0.50981027, 0.3257246
1427648010234, 0.49716723, 0.48446268, 0.25291824
1427648010242, 0.3134579, 0.50249183, 0.18701172
1427648010253, -0.093998745, 0.31771755, 0.10364056
1427648010261, -0.38165683, 0.13925236, -0.12394619
1427648010271, -0.15209657, 0.111401916, -0.32900047
1427648010283, -0.1293387, -0.018138707, -0.30916977
1427648010291, -0.08814807, -0.029833883, -0.33161163
1427648010304, -0.03221123, 0.075731695, -0.34956455
1427648010312, -0.071737655, 0.1678456, -0.30263615
1427648010321, -0.17997324, 0.0883078, -0.33404636
1427648010332, -0.31253043, 0.017016113, -0.25957584
1427648010343, -0.11977976, 0.1974876, 0.183074
1427648010351, -0.0038864575, 0.23460454, 0.46823978
1427648010361, 0.2114113, 0.36389685, 0.5124979
1427648010371, 0.3606652, 0.3294248, 0.46362877
1427648010383, 0.7175731, 0.27120125, 0.62373066
1427648010394, 0.6200272, 0.15566939, 0.6751976
1427648010403, 0.30448562, 0.14751983, 0.6857252
1427648010411, 0.075036705, 0.34785926, 0.6175337
1427648010421, -0.16215256, 0.20933437, 0.5783024
1427648010432, -0.26762807, -0.16963607, 0.5392561
1427648010443, -0.18345669, -0.34256786, 0.45438957
1427648010451, -0.20039546, -0.2817157, 0.16431427
1427648010462, -0.49742, -0.21771115, 0.016529083
1427648010472, -0.7273782, -0.15884608, 0.18943596
1427648010506, -0.8500532, -0.15006119, 0.32776165
1427648010515, -0.8102871, -0.23497066, 0.37713146
1427648010518, -0.7095212, -0.1266849, 0.5851784
1427648010521, -0.38374233, 0.005912304, 0.5294342
1427648010522, -0.11545771, 0.027714133, 0.45419312
1427648010530, 0.17578435, 0.02983278, 0.31738663
1427648010540, 0.60031426, -0.12936273, 0.093019485
1427648010551, 0.7254176, -0.09582874, -0.002199173
1427648010562, 0.7871932, -0.069001555, -0.18563461
1427648010571, 0.4765256, -0.25439882, -0.3553667
1427648010583, 0.1437157, -0.31077933, -0.2996168
1427648010591, -0.19148527, -0.42483672, -0.27800083
1427648010606, -0.41367736, -0.56971276, -0.25304604
1427648010613, -0.3539262, -0.54770756, -0.42461872
1427648010621, -0.18354219, -0.42284316, -0.2860651
1427648010633, 0.20559274, -0.22335285, -0.18288422
1427648010641, 0.65480673, -0.06376059, -0.008401871
1427648010651, 1.8569368, 5.71806, 7.003502
1427648010661, 2.2900014, 1.5328541, 0.17849827
1427648010671, 3.6937323, -5.3932056, -1.7572393
1427648010682, 2.87071, -4.437148, 0.9309492
1427648010694, -0.58413553, 0.31931177, -0.09799957
1427648010704, -1.85403, 0.5312615, -1.0743876
1427648010712, -2.9925287, 0.5782381, -1.8095293
1427648010721, -3.0605688, 0.40896037, -3.6387973
1427648010734, -2.6782985, 0.06667918, -3.378386
1427648010741, -2.4184508, -0.09222412, -2.5954485
1427648010751, -1.9270992, 0.21735562, -1.9997444
1427648010762, -0.85214925, 1.0779351, -1.0634942
1427648010771, 0.95782995, 1.72043, 0.19116116
1427648010782, 2.3904905, 2.15015, 1.302146
1427648010792, 2.831766, 2.1261766, 2.4361
1427648010804, 0.4036815, -1.0265334, 2.7226858
1427648010813, -0.47384515, -1.3192205, 1.5345869
1427648010822, -0.48633638, -0.58036685, 0.01716137
1427648010834, 0.024648964, -0.012268245, -1.2657328
1427648010842, -0.07221818, -0.47716278, -1.8400221
1427648010852, -0.34124804, -0.72649527, -1.2345133
1427648010862, -0.0661394, -0.6041806, -0.5662308
1427648010871, 0.069671616, -0.36842275, -0.17717266
1427648010883, 0.18598187, 0.07301116, 1.0457859
1427648010891, 0.51653486, 0.41849688, 1.2886534
1427648010903, 0.757993, 0.63359386, 1.1611681
1427648010913, 0.376551, 0.44558346, 0.9902258
1427648010921, 0.19398057, 0.07299334, 0.3784628
1427648010934, -0.11296615, -0.23274028, -0.1262703
1427648010942, -0.22827892, -0.27812958, -0.34618282
1427648010953, 0.031897336, -0.030967534, -0.67534065
1427648010961, 0.1634239, 0.32765245, -1.4596462
1427648010972, 0.12307769, -0.090304494, -4.400847
1427648010983, -0.03944385, -0.8000809, 1.076189
1427648011005, -0.1388153, 0.5474593, 0.408926
1427648011008, 0.06516102, 0.49159765, 0.7255354
1427648011011, -0.39989647, 0.10980463, 0.3735695
1427648011020, -0.695328, -0.004093647, 0.29885578
1427648011032, -0.24214315, 0.06567806, 0.54554176
1427648011040, -0.14774585, -0.008749127, 0.57433987
1427648011050, 0.18059969, -0.014660716, -0.81232834
1427648011062, 0.07552674, -0.5403683, -0.40469646
1427648011071, 0.11405152, -0.36334163, -0.27778912
1427648011082, 0.09124122, -0.23704316, -0.27586174
1427648011091, 0.004039958, -0.20495743, -0.30496502
1427648011105, -0.37217888, -0.064367145, -1.2859287
1427648011111, -0.21346718, -0.051493704, -1.5573826
1427648011121, -0.28569543, -0.07184075, -1.2995367
1427648011132, -0.17492624, -0.23368584, -0.12791729
1427648011143, 0.30442286, -0.8151872, 1.6061687
1427648011151, 0.74919367, -0.8513474, 2.8478699
1427648011162, 1.7102646, 0.57539916, -7.0533442
1427648011171, 0.19601047, -0.22921076, -0.17240334
1427648011184, 0.0035794973, -0.8116071, 1.7774386
1427648011191, -0.24230266, -0.7642075, 1.4525967
1427648011214, -0.43900838, -0.45813704, 1.2310305
1427648011216, -0.36652958, -0.2209422, 0.9541788
1427648011221, -0.5613743, -0.26869118, 0.7326975
1427648011232, -0.18094884, -0.12301558, 0.6474495
1427648011242, 0.21532887, -0.029459476, 0.5179596
1427648011252, 0.026695639, -0.08485913, 0.3760605
1427648011261, 0.28950712, 0.11598742, 0.3391552
1427648011271, 0.39249605, 0.29964894, 0.25600147
1427648011283, 0.007539004, 0.017537236, 0.16649437
1427648011291, 0.1439372, -0.008954525, 0.12553406
1427648011302, 0.05385822, -0.045470893, 0.12341118
1427648011313, 0.15800828, 0.032576323, 0.12171364
1427648011321, 0.17237526, 0.041383922, 0.0973711
1427648011332, -5.7816505e-06, -0.01286155, 0.09321976
1427648011342, -0.24517088, -0.09456515, 0.036268234
1427648011351, -0.41065723, -0.18291235, 0.021352768
1427648011362, -0.39747876, -0.17697561, 0.04006672
1427648011371, -0.30266014, -0.118596196, 0.06269932
1427648011385, -0.23446667, -0.11019981, -0.13371468
1427648011393, 0.080577254, 0.034423232, 0.015611649
1427648011401, 0.27132082, 0.12713742, 0.104426384
1427648011413, -0.12770838, -0.043857515, -0.16928673
1427648011422, -0.24773417, -0.104038954, -0.012845993
1427648011433, -0.50464517, -0.18282998, 0.29618073
1427648011442, -0.0436282, -0.04666519, 0.33654404
1427648011452, -0.027241118, -0.029670715, 0.14665222
1427648011461, -0.18268324, -0.046720862, -1.300046
1427648011471, 0.122004, 0.4529558, -1.6452909
1427648011508, 0.35809237, 0.00993818, 1.6564074
1427648011520, 0.40139556, 0.10754931, 0.70454884
1427648011522, 0.22917911, 0.017086446, 0.8930807
1427648011532, -0.077145845, -0.101252496, 0.29308605
1427648011541, -0.47543472, -0.06567913, -2.1099334
1427648011542, -0.08921286, -0.13681918, -0.0024280548
1427648011543, 0.13548875, 0.0054662824, 0.7642021
1427648011552, 0.29226568, 0.058003187, 0.82588196
1427648011560, 0.042276412, -0.022550464, 0.4615078
1427648011570, -0.15771501, -0.02570182, -0.4352455
1427648011580, -0.2564166, -0.020561457, -1.0300655
1427648011590, -0.22811761, -0.03943342, -0.93131256
1427648011601, 0.13928662, 0.01442188, 0.6186867
1427648011611, 0.25699675, 0.057506204, 0.7784233
1427648011621, 0.21325886, 0.04600501, 0.56910896
1427648011634, -0.11286639, -0.0015032291, -0.29553413
1427648011641, -0.2052148, -0.03184837, -0.7267599
1427648011652, -0.19481762, -0.048463047, -0.77294445
1427648011661, -0.04859386, -0.023447573, -0.08971596
1427648011672, 0.22161406, 0.027210593, 0.7786474
1427648011682, 0.19261414, 0.037091315, 0.5539646
1427648011691, 0.10812265, 0.044995904, 0.43551064
1427648011701, -0.07439224, -0.02529484, -0.13426304
1427648011713, -0.20508125, -0.03555876, -0.7969408
1427648011724, -0.0797891, -0.02078557, -0.28512573
1427648011732, -0.010201165, 0.0063558817, 0.040049553
1427648011741, 0.12208364, 0.028069079, 0.5376959
1427648011752, 0.12831269, 0.030116677, 0.4454794
1427648011761, -0.05057875, -0.029536784, -0.072657585
1427648011771, -0.07110878, -0.00064510107, -0.32627678
1427648011784, -0.110517144, -0.031161845, -0.37594318
1427648011791, -0.0041378154, -0.0019451976, -0.10155678
1427648011804, 0.03499697, -0.00921756, 0.11795235
1427648011812, 0.14291926, 0.030933201, 0.53872585
1427648011821, 0.14498119, 0.017085135, 0.37734985
1427648011832, -0.090874076, -0.016977668, -0.29571247
1427648011842, -0.08036071, -0.01358211, -0.31318474
1427648011851, -0.07195002, -0.01852715, -0.23522472
1427648011862, -0.019252786, 0.00050121546, -0.088581085
1427648011872, 0.030566443, 0.008062422, 0.14365578
1427648011882, 0.13937484, 0.029434323, 0.46735096
1427648011891, 0.09617698, 0.02354747, 0.2896042
1427648011904, -0.07628733, -0.011807859, -0.28929424
1427648011912, -0.09167565, -0.0017848611, -0.26208115
1427648011921, -0.06567907, -0.0014278889, -0.17901897
1427648011934, 0.008748304, -0.008803785, 0.017674446
1427648011942, 0.09893599, 0.00827992, 0.33592033
1427648011953, 0.10213313, 0.0066239834, 0.30704403
1427648011962, -0.025553733, -0.025346637, -0.060822487
1427648011971, -0.058750212, -0.0126158595, -0.24785519
1427648011983, -0.0699845, -0.0254156, -0.20594597
1427648011992, -0.033003267, 0.0103132725, -0.095804214
1427648012003, 0.004243169, -0.00707227, 0.03061676
1427648012014, 0.072347544, 0.024987996, 0.28498268
1427648012026, -0.03405931, 0.012328982, -0.07081032
1427648012031, -0.034908894, 0.0022016764, -0.14858532
1427648012040, -0.02026567, -0.013561547, -0.118867874
1427648012050, -0.016212538, -0.010849237, -0.041463852
1427648012060, 0.032998644, 0.006643474, 0.14304161
1427648012070, 0.08002903, 0.028299153, 0.27532387
1427648012082, 0.0027316622, -0.0003450513, 0.051707268
1427648012091, -0.036121897, 0.0073854923, -0.16549301
1427648012106, -0.013574632, -0.009414494, -0.14771748
1427648012111, -0.010859707, -0.0075315833, -0.064543724
1427648012121, 0.02195802, -0.013686717, 0.07094765
1427648012133, 0.040550746, 0.012035012, 0.1103878
1427648012141, -0.02118952, -0.005694926, -0.06491852
1427648012152, -0.032274507, -0.004555881, -0.10556507
1427648012161, -0.025819609, -0.011306107, -0.07679081
1427648012171, -0.074285805, 0.0139395, -0.43684387
1427648012182, -0.39653227, -0.5404725, 0.079566
1427648012191, 0.13479948, 0.26481354, 0.73019886
1427648012204, 0.077193804, 0.027976096, 0.29302406
1427648012211, 0.18433817, 0.053026617, 0.556201
1427648012245, 0.38497534, 0.2569418, -1.087328
1427648012246, 0.31564173, 0.19789201, -0.86986256
1427648012248, -0.0999131, -0.04854548, 0.47631073
1427648012250, 0.0503141, -0.008190572, 0.5725851
1427648012260, 0.0019440502, -0.021875322, 0.38145256
1427648012275, -0.12102789, -0.04814607, -0.09323311